150 0
150 1
150 2
150 3
149 3
148 3
147 3
147 4
147 5
147 6
146 6
146 7
146 8
146 9
146 10
147 10
147 11
147 12
147 13
147 14
147 15
147 16
147 17
147 18
147 19
147 20
147 21
147 22
147 23
148 23
149 23
149 24
149 25
149 26
149 27
149 28
150 28
151 28
152 28
153 28
154 28
155 28
155 29
154 29
153 29
152 29
151 29
150 29
150 30
150 31
150 32
150 33
150 34
150 35
150 36
149 36
148 36
147 36
146 36
145 36
144 36
143 36
142 36
141 36
140 36
139 36
138 36
137 36
136 36
135 36
134 36
134 35
134 34
134 33
135 33
136 33
136 32
136 31
136 30
136 29
136 28
136 27
136 26
136 25
136 24
136 23
136 22
135 22
134 22
133 22
132 22
131 22
130 22
129 22
128 22
127 22
126 22
126 21
127 21
128 21
129 21
130 21
131 21
132 21
133 21
134 21
135 21
136 21
137 21
138 21
139 21
140 21
141 21
142 21
143 21
144 21
145 21
145 22
145 23
145 24
145 25
145 26
145 27
145 28
145 29
145 30
145 31
145 32
145 33
145 34
145 35
145 36
145 37
146 37
147 37
148 37
149 37
149 36
149 35
149 34
149 33
149 32
149 31
149 30
148 30
147 30
146 30
145 30
145 29
145 28
145 27
145 26
145 25
145 24
145 23
145 22
145 21
145 20
145 19
145 18
145 17
145 16
145 15
145 14
145 13
145 12
145 11
145 10
145 9
146 9
146 8
146 7
146 6
147 6
148 6
149 6
150 6
151 6
152 6
153 6
154 6
155 6
155 5
156 5
157 5
158 5
159 5
160 5
161 5
162 5
163 5
164 5
165 5
166 5
167 5
168 5
169 5
170 5
171 5
172 5
173 5
174 5
175 5
175 6
175 7
175 8
175 9
175 10
175 11
175 12
175 13
175 14
175 15
174 15
173 15
172 15
171 15
170 15
169 15
168 15
167 15
166 15
165 15
164 15
163 15
162 15
161 15
160 15
159 15
159 16
159 17
159 18
159 19
159 20
159 21
159 22
160 22
161 22
162 22
163 22
164 22
165 22
166 22
167 22
168 22
168 21
168 20
168 19
168 18
168 17
168 16
168 15
168 14
169 14
170 14
171 14
172 14
173 14
174 14
175 14
175 13
175 12
175 11
175 10
175 9
175 8
175 7
175 6
175 5
175 4
175 3
175 2
175 1
174 1
173 1
172 1
171 1
170 1
169 1
168 1
167 1
166 1
165 1
164 1
163 1
162 1
161 1
160 1
159 1
159 0
0 59
1 59
2 59
3 59
4 59
5 59
6 59
7 59
7 60
7 61
7 62
6 62
5 62
4 62
3 62
2 62
1 62
0 62
162 0
162 1
162 2
162 3
162 4
162 5
162 6
162 7
162 8
162 9
162 10
162 11
162 12
162 13
162 14
162 15
162 16
162 17
162 18
162 19
162 20
162 21
162 22
161 22
160 22
159 22
158 22
157 22
156 22
155 22
154 22
153 22
152 22
151 22
151 23
151 24
151 25
151 26
151 27
151 28
151 29
151 30
151 31
151 32
151 33
151 34
151 35
151 36
151 37
151 38
151 39
151 40
151 41
151 42
151 43
151 44
151 45
151 46
151 47
151 48
151 49
149 51
151 49
151 48
151 47
151 46
151 45
151 44
151 43
151 42
151 41
151 40
151 39
151 38
151 37
151 36
151 35
151 34
151 33
151 32
151 31
151 30
151 29
151 28
151 27
151 26
151 25
151 24
151 23
151 22
151 21
151 20
151 19
151 18
152 18
153 18
154 18
155 18
156 18
157 18
158 18
159 18
159 19
159 20
158 20
157 20
156 20
155 20
154 20
154 19
154 18
154 17
154 16
154 15
154 14
154 13
154 12
153 12
152 12
151 12
150 12
149 12
148 12
147 12
147 13
147 14
147 15
147 16
147 17
147 18
147 19
147 20
147 21
147 22
147 23
147 24
147 25
147 26
147 27
147 28
147 29
147 30
147 31
147 32
147 33
147 34
147 35
147 36
147 37
147 38
146 38
145 38
144 38
143 38
142 38
141 38
140 38
139 38
138 38
137 38
137 37
137 36
136 36
135 36
134 36
133 36
132 36
131 36
130 36
129 36
128 36
127 36
126 36
125 36
124 36
123 36
122 36
121 36
120 36
119 36
118 36
117 36
116 36
115 36
115 37
115 38
115 39
115 40
115 41
115 42
115 43
115 44
115 45
115 46
115 47
115 48
115 49
115 50
114 50
113 50
112 50
111 50
110 50
109 50
109 49
110 49
111 49
112 49
113 49
114 49
115 49
116 49
117 49
118 49
119 49
120 49
121 49
122 49
123 49
124 49
125 49
126 49
127 49
128 49
128 48
128 47
128 46
128 45
128 44
128 43
128 42
128 41
128 40
128 39
128 38
128 37
127 37
126 37
125 37
124 37
123 37
122 37
121 37
120 37
119 37
118 37
117 37
116 37
115 37
114 37
113 37
112 37
111 37
110 37
109 37
108 37
107 37
106 37
105 37
104 37
103 37
103 38
103 39
103 40
103 41
103 42
103 43
103 44
104 44
105 44
105 43
105 42
105 41
105 40
105 39
105 38
105 37
105 36
105 35
105 34
105 33
105 32
105 31
105 30
105 29
105 28
105 27
105 26
105 25
105 24
105 23
105 22
105 21
105 20
105 19
105 18
105 17
105 16
105 15
105 14
105 13
105 12
105 11
104 11
103 11
102 11
101 11
100 11
61 50
61 51
61 52
61 53
61 54
61 55
61 56
61 57
61 58
61 59
60 59
59 59
58 59
57 59
57 58
57 57
56 57
55 57
54 57
54 56
54 55
54 54
54 53
54 52
54 51
54 50
100 4
101 4
102 4
103 4
104 4
104 5
104 6
104 7
104 8
104 9
104 10
104 11
104 12
104 13
104 14
104 15
104 16
103 16
102 16
101 16
100 16
66 50
66 51
66 52
66 53
66 54
66 55
66 56
66 57
66 58
66 59
66 60
66 61
66 62
66 63
66 64
65 64
64 64
63 64
62 64
61 64
60 64
59 64
58 64
57 64
56 64
55 64
54 64
53 64
52 64
52 65
52 66
52 67
52 68
52 69
51 69
51 70
51 69
51 68
50 68
49 68
48 68
47 68
46 68
45 68
44 68
43 68
42 68
41 68
40 68
39 68
38 68
37 68
37 67
37 66
37 65
37 64
37 63
37 62
37 61
37 60
36 60
35 60
34 60
33 60
32 60
31 60
30 60
29 60
28 60
27 60
26 60
25 60
24 60
23 60
22 60
22 59
22 58
21 58
21 57
21 56
21 55
21 54
22 54
23 54
24 54
25 54
26 54
27 54
28 54
29 54
30 54
31 54
32 54
33 54
33 55
33 56
33 57
33 58
33 59
33 60
33 61
33 62
33 63
33 64
33 65
33 66
34 66
35 66
36 66
37 66
38 66
38 65
38 64
38 63
38 62
38 61
38 60
38 59
38 58
38 57
38 56
38 55
37 55
36 55
35 55
34 55
33 55
32 55
31 55
30 55
29 55
28 55
27 55
26 55
25 55
24 55
23 55
22 55
21 55
21 54
21 53
21 52
21 51
22 51
23 51
24 51
25 51
26 51
27 51
28 51
29 51
30 51
31 51
32 51
33 51
34 51
35 51
36 51
37 51
38 51
38 50
111 0
111 1
111 2
111 3
111 4
111 5
111 6
111 7
111 8
111 9
111 10
111 9
111 8
111 7
111 6
111 5
111 4
111 3
111 2
111 1
111 0
38 50
38 51
38 52
38 53
39 53
40 53
41 53
42 53
43 53
44 53
45 53
46 53
47 53
48 53
49 53
50 53
51 53
52 53
53 53
54 53
55 53
55 52
55 51
55 50
100 5
101 5
102 5
103 5
104 5
105 5
105 4
105 3
105 2
105 1
105 0
44 50
44 51
43 51
42 51
41 51
40 51
40 52
40 53
40 54
40 55
40 56
40 57
40 58
40 59
40 60
40 61
40 62
40 63
41 63
42 63
43 63
44 63
45 63
46 63
47 63
48 63
49 63
49 62
48 62
47 62
46 62
45 62
44 62
43 62
42 62
42 63
42 64
42 65
42 66
42 67
42 68
42 69
42 70
42 71
42 72
42 73
42 74
42 75
42 76
42 77
42 78
42 79
42 80
42 81
42 82
43 82
44 82
45 82
46 82
47 82
48 82
49 82
50 82
51 82
52 82
53 82
54 82
55 82
56 82
57 82
58 82
59 82
60 82
61 82
62 82
63 82
64 82
65 82
66 82
66 81
66 80
66 79
66 78
66 77
66 76
66 75
67 75
68 75
68 76
68 77
68 78
68 79
68 80
68 81
68 82
68 83
68 84
68 85
68 86
68 87
68 88
68 89
68 90
68 91
68 92
68 93
68 94
68 95
68 96
69 96
70 96
71 96
72 96
73 96
74 96
73 96
72 96
71 96
70 96
69 96
68 96
67 96
66 96
65 96
64 96
63 96
62 96
61 96
60 96
59 96
58 96
58 95
58 94
58 93
58 92
58 93
58 94
58 95
58 96
58 97
58 98
59 98
60 98
61 98
62 98
63 98
64 98
65 98
66 98
67 98
68 98
68 97
68 96
68 95
68 94
68 93
68 92
68 91
68 90
68 89
68 88
68 87
68 86
68 85
68 84
68 83
68 82
68 81
68 80
69 80
70 80
71 80
72 80
73 80
74 80
75 80
76 80
77 80
77 79
77 78
77 77
77 76
77 75
77 74
77 73
78 73
79 73
80 73
81 73
82 73
83 73
84 73
85 73
86 73
87 73
88 73
89 73
89 74
89 75
89 76
89 77
89 78
89 79
89 80
89 81
89 82
89 83
89 84
89 85
89 86
89 87
89 88
89 89
89 90
89 91
89 92
89 93
89 94
89 95
89 96
89 97
89 98
89 99
49 139
48 139
47 139
47 138
47 137
47 136
47 135
47 134
47 133
47 132
47 131
47 130
47 129
47 128
47 127
47 126
47 125
47 124
47 123
47 122
47 121
47 120
47 119
47 118
47 117
46 117
45 117
44 117
43 117
42 117
41 117
40 117
39 117
38 117
37 117
36 117
36 116
36 115
36 114
36 113
36 112
36 111
36 110
36 109
36 108
36 107
35 107
34 107
33 107
32 107
32 108
31 108
30 108
29 108
29 107
29 106
29 105
29 104
29 103
29 102
29 101
29 100
29 99
29 98
29 97
29 96
29 95
29 94
29 93
29 92
29 91
29 90
29 89
29 88
29 87
29 86
29 85
29 84
29 83
29 82
29 81
28 81
27 81
26 81
25 81
24 81
23 81
23 82
23 83
23 84
23 85
23 86
23 87
23 88
24 88
25 88
26 88
27 88
28 88
29 88
30 88
31 88
32 88
33 88
34 88
34 89
34 90
33 90
32 90
32 91
32 92
32 93
32 94
32 95
33 95
34 95
35 95
36 95
37 95
38 95
39 95
40 95
41 95
42 95
43 95
44 95
45 95
46 95
47 95
48 95
49 95
50 95
51 95
52 95
53 95
54 95
55 95
56 95
57 95
58 95
59 95
60 95
61 95
62 95
63 95
64 95
65 95
66 95
67 95
68 95
69 95
70 95
71 95
72 95
73 95
74 95
75 95
76 95
77 95
78 95
79 95
80 95
81 95
82 95
83 95
84 95
85 95
86 95
86 96
86 97
86 96
86 95
85 95
84 95
83 95
82 95
81 95
80 95
79 95
78 95
77 95
76 95
75 95
74 95
73 95
72 95
71 95
70 95
69 95
68 95
67 95
66 95
65 95
64 95
63 95
62 95
61 95
60 95
59 95
58 95
57 95
56 95
55 95
54 95
53 95
52 95
52 94
52 93
52 92
52 91
52 90
52 89
52 88
52 87
52 86
52 85
52 84
52 83
52 82
52 81
53 81
54 81
55 81
56 81
56 80
55 80
54 80
54 79
54 78
54 77
54 76
54 75
54 74
54 73
54 72
54 71
54 70
54 69
54 68
54 67
54 66
54 65
54 64
54 63
53 63
52 63
51 63
51 64
51 65
52 65
53 65
54 65
54 66
54 67
54 68
54 69
54 70
54 71
54 72
54 73
54 74
54 75
54 76
54 77
54 76
54 75
54 74
54 73
54 72
54 71
54 70
54 69
53 69
52 69
51 69
51 68
50 68
49 68
48 68
47 68
46 68
45 68
45 69
45 70
45 71
45 72
46 72
47 72
48 72
49 72
49 71
50 71
50 70
51 70
51 69
51 68
50 68
49 68
48 68
47 68
46 68
45 68
44 68
43 68
42 68
41 68
40 68
39 68
38 68
37 68
37 69
37 70
37 71
37 72
37 73
37 74
38 74
39 74
40 74
40 75
40 74
40 73
40 72
40 71
40 70
40 69
40 68
41 68
42 68
43 68
44 68
45 68
46 68
47 68
48 68
49 68
50 68
51 68
52 68
52 67
52 66
52 65
52 64
52 63
52 62
52 61
52 60
52 59
52 58
52 57
52 56
52 55
53 55
54 55
54 56
54 57
54 58
54 59
54 60
54 61
54 62
54 63
54 64
54 65
54 66
54 67
54 68
54 69
54 70
54 71
54 72
54 73
54 74
54 75
54 76
54 77
54 78
54 79
54 80
54 81
54 82
54 83
54 84
55 84
56 84
56 85
56 86
56 87
56 88
56 89
56 90
56 91
56 92
56 93
56 94
56 95
56 96
56 97
56 98
56 99
49 106
49 107
49 108
49 109
59 99
59 98
59 97
59 96
59 95
59 94
59 93
60 93
61 93
62 93
63 93
64 93
65 93
66 93
67 93
68 93
69 93
70 93
71 93
72 93
72 94
72 95
72 96
72 97
72 98
72 99
73 99
74 99
75 99
76 99
77 99
78 99
49 128
48 128
47 128
46 128
45 128
44 128
43 128
44 128
45 128
46 128
47 128
48 128
49 128
78 99
78 98
78 97
78 96
78 95
78 94
78 93
78 92
78 91
78 90
78 89
78 88
78 87
78 86
78 85
78 84
77 84
77 83
76 83
75 83
74 83
73 83
72 83
71 83
70 83
69 83
68 83
67 83
66 83
65 83
64 83
64 84
64 85
64 86
64 87
64 88
64 89
64 90
64 91
64 92
64 93
64 94
64 95
64 96
64 97
64 96
64 95
64 94
64 93
64 92
64 91
63 91
64 91
65 91
66 91
67 91
68 91
69 91
70 91
71 91
72 91
73 91
73 90
73 89
73 88
73 87
73 86
74 86
75 86
76 86
76 87
76 88
76 89
76 90
76 91
76 92
76 93
76 94
76 95
76 96
76 97
76 98
75 98
74 98
73 98
72 98
71 98
70 98
71 98
72 98
72 99
71 99
70 99
69 99
68 99
68 98
68 97
68 96
68 95
68 94
68 93
68 92
68 91
68 90
68 89
68 88
68 87
68 86
68 85
68 84
68 83
68 82
68 81
68 80
68 79
68 78
68 77
68 76
68 75
68 74
68 73
68 72
68 71
67 71
66 71
65 71
64 71
63 71
62 71
61 71
60 71
59 71
58 71
57 71
56 71
55 71
54 71
53 71
52 71
52 72
52 73
52 74
52 75
52 76
52 77
52 78
52 79
51 79
51 80
51 81
51 82
51 83
51 84
51 85
51 86
51 87
51 88
51 89
51 90
51 91
52 91
53 91
54 91
55 91
56 91
57 91
57 90
57 89
57 88
57 87
57 86
57 85
58 85
58 84
58 83
58 82
58 81
58 80
58 79
58 78
58 77
58 76
58 75
57 75
56 75
55 75
54 75
53 75
52 75
51 75
50 75
49 75
48 75
47 75
47 76
46 76
45 76
44 76
43 76
42 76
41 76
41 75
40 75
40 74
40 73
40 72
40 71
40 70
40 69
40 68
39 68
38 68
37 68
37 69
37 70
37 71
37 72
37 73
37 74
36 74
35 74
34 74
33 74
32 74
31 74
30 74
30 75
30 76
30 77
30 78
30 79
30 80
30 81
30 82
31 82
31 83
31 84
31 85
31 86
31 87
31 88
31 89
32 89
33 89
34 89
35 89
36 89
37 89
37 90
37 91
37 92
36 92
35 92
34 92
33 92
32 92
31 92
31 93
31 94
31 95
31 96
31 97
30 97
29 97
28 97
27 97
26 97
26 98
27 98
28 98
29 98
30 98
30 97
30 96
30 95
30 94
30 93
30 92
30 91
30 90
29 90
28 90
27 90
26 90
25 90
25 91
25 92
26 92
27 92
28 92
29 92
30 92
31 92
32 92
33 92
34 92
35 92
36 92
37 92
38 92
37 92
36 92
35 92
34 92
33 92
32 92
31 92
30 92
29 92
28 92
27 92
26 92
25 92
24 92
24 91
25 91
25 90
25 89
25 88
24 88
23 88
22 88
21 88
20 88
19 88
18 88
17 88
16 88
16 89
16 90
16 91
16 92
16 93
16 94
16 95
16 96
16 97
16 98
16 99
16 100
16 101
17 101
18 101
19 101
20 101
21 101
22 101
23 101
24 101
24 100
23 100
22 100
21 100
20 100
19 100
18 100
17 100
16 100
16 99
16 98
16 97
16 96
16 95
16 94
16 93
16 92
16 91
16 90
16 89
16 88
16 87
16 86
16 85
16 84
16 83
16 82
16 81
16 80
16 79
16 78
16 77
16 76
16 75
16 74
16 73
15 73
14 73
13 73
12 73
11 73
10 73
9 73
8 73
7 73
8 73
9 73
10 73
11 73
12 73
13 73
14 73
15 73
16 73
17 73
18 73
18 72
18 71
18 70
18 69
18 68
17 68
16 68
15 68
14 68
13 68
12 68
11 68
11 69
11 70
11 71
11 72
11 73
11 74
10 74
9 74
8 74
8 75
8 76
8 77
8 78
8 79
8 80
8 81
8 82
8 83
8 84
8 85
8 86
8 87
9 87
10 87
11 87
11 86
11 85
12 85
13 85
14 85
15 85
16 85
16 86
16 87
16 88
16 89
16 90
16 91
16 92
16 93
16 94
16 95
16 96
16 97
16 98
16 99
16 100
16 101
17 101
18 101
19 101
20 101
21 101
22 101
23 101
24 101
24 102
24 103
24 104
24 105
24 106
25 106
26 106
27 106
28 106
29 106
30 106
31 106
32 106
32 105
32 104
32 103
32 102
32 101
32 100
32 99
32 98
33 98
34 98
35 98
36 98
37 98
38 98
39 98
40 98
41 98
42 98
43 98
44 98
45 98
46 98
46 99
46 100
46 101
46 102
46 103
47 103
48 103
49 103
49 104
49 105
49 106
49 107
49 108
49 109
49 110
49 111
61 99
61 98
61 97
61 96
61 95
61 94
61 93
61 92
61 91
61 90
61 89
61 88
61 87
61 86
61 85
61 84
62 84
63 84
64 84
65 84
66 84
67 84
68 84
68 85
68 86
68 87
68 88
68 89
68 90
68 91
68 92
68 93
68 94
68 95
68 96
68 97
68 98
68 99
68 98
68 97
68 96
68 95
68 94
68 93
68 92
68 91
68 90
68 89
68 88
68 87
68 86
68 85
68 84
68 83
68 82
69 82
70 82
71 82
72 82
73 82
74 82
75 82
76 82
77 82
78 82
79 82
80 82
81 82
81 83
82 83
81 83
80 83
79 83
79 82
79 81
79 80
79 79
80 79
81 79
82 79
82 78
82 77
82 76
82 75
82 74
82 73
82 72
82 71
82 70
82 69
82 68
82 67
82 66
82 65
82 64
82 63
82 62
82 61
82 60
83 60
84 60
85 60
85 59
85 58
85 57
86 57
87 57
88 57
89 57
90 57
91 57
92 57
93 57
94 57
95 57
95 56
95 55
95 54
95 53
95 52
95 51
95 50
100 45
101 45
102 45
102 46
102 47
102 48
102 49
101 49
100 49
99 50
99 51
99 52
99 53
99 54
99 55
99 56
99 57
99 58
100 58
101 58
102 58
103 58
104 58
105 58
106 58
107 58
107 57
107 56
108 56
109 56
110 56
111 56
112 56
113 56
113 57
113 58
113 59
113 60
113 61
113 62
113 63
113 64
113 65
113 66
113 67
113 68
113 69
113 70
113 71
113 72
113 73
113 74
113 75
113 76
113 77
113 78
113 79
113 80
113 81
113 82
113 83
113 84
114 84
114 83
114 82
114 81
113 81
112 81
111 81
110 81
110 82
110 83
110 84
110 85
110 86
110 85
110 84
111 84
112 84
113 84
114 84
114 83
114 82
114 81
115 81
116 81
117 81
118 81
119 81
120 81
121 81
122 81
123 81
124 81
125 81
126 81
127 81
128 81
129 81
130 81
131 81
132 81
132 80
132 79
132 78
132 77
132 76
132 75
132 74
132 73
132 72
132 71
132 70
132 69
132 68
132 67
132 66
132 65
132 64
132 63
132 62
132 61
132 60
132 59
132 58
132 57
132 56
132 55
132 54
132 53
132 52
132 51
132 50
132 49
131 49
130 49
130 48
131 48
131 47
131 46
131 45
131 44
131 43
131 42
131 41
131 40
131 39
131 38
131 37
131 36
131 35
132 35
133 35
134 35
135 35
135 34
135 33
134 33
133 33
132 33
132 34
132 35
132 36
132 37
132 38
132 39
132 40
132 41
132 42
132 43
132 44
132 45
132 46
132 47
131 47
131 46
131 45
131 44
131 43
131 42
131 41
131 40
131 39
131 38
131 37
131 36
131 35
130 35
129 35
128 35
127 35
126 35
125 35
125 34
125 33
125 32
125 31
125 30
124 30
123 30
122 30
121 30
120 30
119 30
118 30
117 30
116 30
117 30
118 30
119 30
120 30
121 30
122 30
123 30
124 30
125 30
126 30
127 30
128 30
129 30
130 30
131 30
132 30
132 31
132 32
132 33
132 34
132 35
132 36
132 37
132 38
132 39
132 40
132 41
132 42
132 43
132 44
132 45
132 46
132 47
131 47
131 46
131 45
131 44
131 43
131 42
131 41
131 40
131 39
131 38
131 37
131 36
131 35
132 35
133 35
134 35
135 35
135 36
135 37
135 38
135 39
135 40
135 41
135 42
135 43
135 44
135 45
135 46
135 47
135 48
135 49
135 48
135 47
135 46
135 45
135 44
135 43
135 42
135 41
135 40
135 39
135 38
134 38
134 37
134 36
134 35
134 34
134 33
135 33
136 33
136 34
136 33
136 32
136 31
136 30
136 29
136 28
136 27
136 26
137 26
138 26
139 26
140 26
141 26
141 27
141 28
140 28
139 28
138 28
137 28
136 28
135 28
134 28
133 28
132 28
131 28
130 28
129 28
128 28
127 28
126 28
125 28
124 28
123 28
122 28
121 28
120 28
119 28
118 28
117 28
116 28
115 28
114 28
113 28
112 28
111 28
110 28
109 28
108 28
108 27
108 26
108 25
108 24
108 23
108 22
108 21
108 20
108 19
108 18
108 17
108 16
108 15
108 14
108 13
108 12
108 11
108 10
108 9
108 8
108 7
108 6
108 5
108 4
107 4
106 4
105 4
104 4
103 4
102 4
101 4
100 4
54 50
54 51
54 52
54 53
54 54
55 54
56 54
56 53
56 52
56 51
56 50
100 6
101 6
102 6
103 6
104 6
104 5
104 4
105 4
106 4
107 4
108 4
108 5
108 6
108 7
108 8
108 9
108 10
108 11
108 12
108 13
108 14
108 15
108 16
108 17
108 18
108 19
108 20
108 21
108 22
108 23
108 24
108 25
108 26
108 27
108 28
108 29
108 30
108 31
107 31
106 31
105 31
105 30
105 29
105 28
105 27
105 26
105 25
105 24
105 23
105 22
105 21
105 20
105 19
105 18
105 17
105 16
105 15
105 14
105 13
105 12
105 11
106 11
107 11
108 11
109 11
110 11
110 12
110 13
110 14
110 15
109 15
108 15
107 15
106 15
105 15
104 15
103 15
103 14
103 13
103 12
103 11
104 11
105 11
106 11
107 11
108 11
109 11
110 11
110 12
110 13
110 14
110 15
110 16
110 17
110 18
110 19
110 20
110 21
110 22
109 22
108 22
107 22
106 22
105 22
104 22
103 22
102 22
102 23
102 24
102 25
102 26
102 27
102 28
102 29
102 30
101 30
100 30
80 50
80 51
80 52
80 53
79 53
78 53
77 53
76 53
76 52
76 51
76 50
100 26
101 26
102 26
103 26
104 26
105 26
106 26
107 26
108 26
108 27
108 28
108 29
108 30
108 31
109 31
110 31
110 32
110 33
110 34
110 35
110 36
110 37
110 38
110 39
110 40
110 41
110 42
110 43
110 44
110 45
111 45
112 45
113 45
114 45
115 45
116 45
117 45
118 45
119 45
120 45
121 45
122 45
123 45
123 46
123 47
123 48
123 49
123 50
123 51
123 52
123 53
123 54
123 55
123 56
123 57
123 58
123 59
123 60
123 61
123 62
123 63
123 64
123 65
123 66
123 67
123 68
123 69
123 70
123 71
123 72
123 73
123 74
122 74
121 74
120 74
119 74
118 74
118 73
117 73
116 73
115 73
114 73
113 73
112 73
112 74
111 74
110 74
109 74
108 74
107 74
106 74
105 74
104 74
103 74
102 74
101 74
100 74
99 74
99 75
99 76
99 77
99 78
98 78
97 78
96 78
95 78
94 78
93 78
92 78
91 78
90 78
89 78
88 78
88 77
88 76
89 76
89 75
89 74
89 73
89 72
90 72
91 72
92 72
93 72
94 72
95 72
96 72
96 71
96 70
96 69
96 68
96 67
96 66
96 65
97 65
98 65
99 65
100 65
101 65
102 65
103 65
104 65
105 65
106 65
107 65
108 65
109 65
110 65
111 65
112 65
113 65
113 66
113 67
113 68
113 69
113 70
113 71
113 72
113 73
113 74
113 75
113 76
113 77
113 78
113 79
113 80
113 81
112 81
111 81
110 81
110 80
110 79
110 78
110 77
110 76
110 75
110 74
110 73
110 72
110 71
110 70
110 69
110 68
110 67
110 66
110 65
110 64
110 63
110 64
110 65
110 66
110 67
110 68
110 69
110 70
110 71
110 72
110 73
110 74
110 75
110 76
110 77
110 78
110 79
110 80
110 81
110 82
110 83
110 84
110 85
110 86
111 86
112 86
113 86
113 87
113 88
113 89
113 90
113 91
113 92
113 93
113 94
113 95
113 96
113 97
113 98
113 97
113 96
113 95
113 94
113 93
113 92
113 91
113 90
113 89
112 89
111 89
111 88
111 87
111 86
111 85
111 84
111 83
111 82
111 81
111 80
111 79
111 78
111 77
111 76
111 75
111 74
110 74
109 74
108 74
107 74
106 74
105 74
104 74
103 74
102 74
101 74
100 74
99 74
99 75
99 76
99 77
99 78
99 77
99 76
99 75
99 74
99 73
99 72
99 71
99 70
99 69
98 69
97 69
96 69
96 68
96 67
96 66
96 65
97 65
98 65
99 65
100 65
101 65
102 65
103 65
104 65
105 65
106 65
107 65
108 65
109 65
110 65
111 65
112 65
113 65
114 65
115 65
116 65
117 65
118 65
119 65
120 65
121 65
122 65
123 65
124 65
124 64
124 63
124 62
124 61
125 61
126 61
127 61
128 61
129 61
130 61
130 60
130 59
130 58
131 58
132 58
133 58
134 58
135 58
136 58
137 58
138 58
139 58
139 59
139 60
139 61
139 62
139 63
139 64
140 64
141 64
142 64
143 64
143 65
143 66
143 67
143 68
143 69
143 70
143 71
143 72
143 73
143 74
143 75
143 76
143 77
142 77
141 77
140 77
139 77
140 77
141 77
142 77
143 77
144 77
145 77
146 77
146 76
146 75
146 74
145 74
144 74
143 74
142 74
141 74
140 74
139 74
138 74
137 74
136 74
135 74
134 74
133 74
132 74
131 74
130 74
129 74
128 74
128 73
128 72
128 71
127 71
126 71
125 71
124 71
123 71
122 71
121 71
120 71
119 71
119 72
119 73
119 74
119 75
119 76
119 77
120 77
121 77
122 77
123 77
124 77
125 77
125 78
125 79
125 80
125 81
125 82
126 82
127 82
128 82
129 82
130 82
130 81
131 81
132 81
132 80
132 79
132 78
132 77
132 76
132 75
132 74
132 73
132 72
132 71
132 70
132 69
132 68
132 67
132 66
132 65
132 64
132 63
132 62
132 61
132 60
132 59
132 58
132 57
132 56
132 55
132 54
132 53
132 52
132 51
133 51
134 51
135 51
136 51
137 51
138 51
138 52
138 53
138 54
138 55
138 56
137 56
136 56
135 56
134 56
133 56
132 56
131 56
130 56
129 56
129 57
129 58
128 58
127 58
126 58
125 58
124 58
123 58
122 58
121 58
120 58
119 58
118 58
117 58
116 58
115 58
114 58
113 58
112 58
111 58
110 58
109 58
110 58
111 58
112 58
113 58
114 58
115 58
116 58
117 58
118 58
119 58
120 58
121 58
122 58
123 58
124 58
125 58
126 58
127 58
128 58
129 58
130 58
131 58
132 58
133 58
134 58
134 59
134 60
134 61
134 62
134 63
134 64
133 64
132 64
131 64
130 64
129 64
129 63
129 62
129 61
129 60
128 60
127 60
126 60
125 60
125 61
125 62
125 63
125 64
126 64
127 64
128 64
129 64
130 64
131 64
132 64
133 64
134 64
135 64
135 63
136 63
137 63
138 63
139 63
140 63
141 63
142 63
143 63
144 63
145 63
146 63
147 63
148 63
148 62
148 61
148 60
148 59
147 59
146 59
145 59
144 59
143 59
142 59
141 59
140 59
139 59
138 59
137 59
136 59
135 59
134 59
133 59
132 59
131 59
130 59
130 60
130 61
129 61
128 61
128 60
128 59
128 58
128 57
129 57
129 56
129 55
129 54
129 53
129 52
129 51
129 50
130 50
131 50
132 50
133 50
133 51
133 52
134 52
135 52
135 51
135 50
135 49
135 48
135 47
135 46
135 45
135 44
135 43
135 42
135 41
135 40
135 39
135 38
135 37
135 36
135 35
135 34
135 33
135 32
135 31
135 30
135 29
135 28
135 27
135 26
135 25
135 24
135 23
135 22
135 21
135 20
135 19
136 19
137 19
138 19
139 19
140 19
141 19
142 19
143 19
144 19
145 19
146 19
146 20
145 20
144 20
144 19
144 18
144 17
143 17
143 16
143 15
143 14
143 13
143 12
143 11
143 10
142 10
141 10
140 10
139 10
138 10
137 10
137 11
137 12
137 13
137 14
137 15
137 16
137 17
136 17
135 17
134 17
133 17
132 17
132 16
132 15
132 14
132 13
132 12
132 11
132 10
132 9
131 9
130 9
129 9
128 9
127 9
126 9
125 9
124 9
123 9
122 9
122 8
122 7
122 6
122 5
122 4
122 3
123 3
124 3
125 3
126 3
127 3
128 3
128 4
127 4
127 3
127 2
127 1
127 0
22 50
22 51
22 52
22 53
22 54
22 55
22 56
21 56
20 56
19 56
18 56
17 56
16 56
15 56
14 56
13 56
12 56
11 56
10 56
9 56
9 57
9 58
9 59
9 60
9 61
8 61
7 61
6 61
6 60
6 59
6 58
6 57
6 56
6 55
6 54
6 53
6 52
6 51
6 50
143 0
143 1
143 2
143 3
142 3
141 3
141 4
141 5
141 6
141 7
141 8
142 8
143 8
144 8
144 9
145 9
146 9
146 10
147 10
147 11
147 12
147 13
147 14
147 15
147 16
147 17
147 18
147 19
147 20
147 21
147 22
147 23
147 24
147 25
147 26
147 27
147 28
147 29
147 30
147 31
147 32
147 33
147 34
147 35
147 36
147 37
147 38
146 38
145 38
144 38
143 38
142 38
141 38
140 38
139 38
139 39
139 40
138 40
139 40
140 40
141 40
142 40
143 40
143 39
143 38
143 37
144 37
144 36
144 35
144 34
144 33
144 32
143 32
142 32
142 33
142 34
142 35
142 36
142 37
142 38
142 39
141 39
140 39
139 39
139 38
139 37
139 36
139 35
139 34
140 34
141 34
142 34
143 34
144 34
145 34
146 34
147 34
148 34
149 34
150 34
151 34
152 34
153 34
154 34
155 34
156 34
157 34
158 34
159 34
160 34
161 34
162 34
163 34
164 34
165 34
166 34
167 34
168 34
169 34
170 34
171 34
172 34
173 34
174 34
175 34
175 33
175 32
175 31
175 30
175 29
175 28
175 27
175 26
176 26
177 26
177 25
177 24
177 23
177 22
178 22
179 22
180 22
181 22
182 22
183 22
184 22
185 22
186 22
187 22
188 22
188 23
188 24
189 24
190 24
191 24
192 24
193 24
194 24
193 24
192 24
191 24
191 25
191 26
191 27
190 27
189 27
188 27
187 27
186 27
185 27
184 27
183 27
182 27
181 27
180 27
179 27
178 27
177 27
176 27
175 27
174 27
173 27
172 27
171 27
170 27
169 27
168 27
167 27
166 27
166 26
166 25
167 25
168 25
168 26
168 27
168 28
168 29
168 30
168 31
168 32
168 33
168 34
168 35
168 36
168 37
168 38
168 39
168 40
168 41
168 42
168 43
168 44
168 45
168 46
168 47
168 48
168 49
149 68
148 68
147 68
146 68
145 68
144 68
143 68
142 68
141 68
140 68
139 68
139 67
139 66
140 66
141 66
142 66
143 66
144 66
145 66
146 66
147 66
148 66
148 67
148 68
148 69
147 69
146 69
145 69
144 69
143 69
142 69
141 69
141 68
141 67
141 66
141 65
141 64
141 63
141 62
141 61
141 60
141 59
141 58
142 58
143 58
144 58
145 58
146 58
147 58
147 59
147 60
147 61
147 62
147 63
147 64
147 65
147 66
147 67
147 68
147 69
146 69
145 69
144 69
143 69
142 69
141 69
141 70
142 70
143 70
144 70
144 71
144 72
144 73
144 74
144 75
144 76
144 77
144 78
144 79
144 80
144 81
144 82
144 83
144 84
144 85
144 86
143 86
142 86
141 86
140 86
139 86
138 86
137 86
136 86
135 86
134 86
133 86
132 86
131 86
130 86
129 86
128 86
127 86
126 86
125 86
124 86
123 86
122 86
121 86
120 86
119 86
118 86
117 86
116 86
116 87
116 88
115 88
114 88
113 88
112 88
111 88
110 88
109 88
108 88
107 88
106 88
106 89
106 90
105 90
104 90
103 90
102 90
103 90
104 90
105 90
106 90
105 90
104 90
103 90
102 90
102 89
102 88
102 87
102 86
102 85
102 84
102 83
102 82
102 81
102 80
102 79
102 78
102 77
102 76
102 75
102 74
102 73
102 72
102 71
103 71
102 71
102 72
102 73
102 74
102 75
102 76
102 77
102 78
102 79
102 80
102 81
103 81
104 81
105 81
106 81
107 81
108 81
108 80
107 80
106 80
106 81
106 82
106 83
106 84
105 84
104 84
104 85
104 86
104 87
104 88
104 89
104 90
104 91
104 92
104 93
104 94
104 95
104 96
104 97
104 98
104 99
45 149
45 148
45 147
45 146
44 146
43 146
42 146
41 146
40 146
40 145
40 144
40 143
40 142
40 141
39 141
38 141
37 141
36 141
35 141
34 141
33 141
32 141
31 141
30 141
29 141
28 141
27 141
26 141
25 141
24 141
23 141
22 141
22 140
23 140
24 140
24 139
24 138
24 137
24 136
24 135
24 134
24 133
24 132
24 131
24 130
24 129
24 128
24 127
24 126
24 125
24 124
24 123
24 122
24 121
23 121
22 121
21 121
20 121
19 121
19 120
19 119
20 119
21 119
21 120
21 121
21 122
21 123
21 124
20 124
19 124
18 124
17 124
16 124
15 124
14 124
13 124
12 124
11 124
10 124
10 125
10 126
10 127
10 128
10 129
10 130
10 131
10 132
10 133
10 134
10 133
10 132
10 131
10 130
10 129
10 128
10 127
10 126
10 125
10 124
10 123
10 122
10 121
10 120
10 119
10 118
10 117
10 116
11 116
12 116
13 116
13 117
13 118
13 119
13 120
13 121
13 122
13 123
13 124
12 124
11 124
10 124
10 125
10 126
10 127
10 128
9 128
8 128
7 128
6 128
5 128
4 128
3 128
2 128
1 128
0 128
199 28
198 28
197 28
196 28
195 28
194 28
193 28
192 28
193 28
194 28
195 28
196 28
197 28
198 28
199 28
0 128
1 128
2 128
3 128
4 128
4 129
4 130
4 131
4 132
4 133
4 134
4 135
4 136
4 137
4 138
4 139
4 140
4 141
4 142
4 141
4 140
4 139
4 138
4 137
4 136
4 135
4 134
4 133
4 132
4 131
4 130
4 129
4 128
4 127
4 126
5 126
6 126
7 126
8 126
9 126
10 126
11 126
12 126
13 126
13 127
13 128
13 129
13 130
13 131
13 132
13 133
12 133
11 133
10 133
9 133
8 133
7 133
6 133
5 133
4 133
3 133
2 133
1 133
0 133
199 33
198 33
197 33
196 33
195 33
195 32
195 31
195 32
195 33
195 34
194 34
193 34
193 35
193 36
193 37
193 38
193 39
194 39
195 39
196 39
197 39
198 39
199 39
0 139
1 139
2 139
3 139
4 139
5 139
6 139
7 139
8 139
9 139
9 140
8 140
7 140
6 140
6 139
6 138
6 137
6 136
6 135
6 134
6 133
6 132
6 131
6 130
7 130
7 129
7 128
7 127
7 126
7 125
7 124
7 123
7 122
7 121
7 120
8 120
9 120
10 120
11 120
11 121
11 122
11 123
11 124
11 125
11 126
11 127
11 128
11 129
11 130
11 131
11 132
11 133
11 134
11 135
11 136
11 137
11 138
10 138
10 137
10 136
10 135
10 134
10 133
10 132
10 131
10 130
10 129
10 128
10 127
10 126
10 125
10 124
10 123
10 122
10 121
10 120
10 119
10 118
10 117
10 116
9 116
8 116
8 115
8 114
8 113
8 112
8 111
7 111
6 111
5 111
4 111
3 111
2 111
1 111
0 111
199 11
198 11
197 11
196 11
195 11
194 11
193 11
192 11
191 11
190 11
189 11
188 11
188 10
188 9
188 8
188 7
188 6
188 5
188 4
188 3
188 2
188 1
188 0
0 88
1 88
2 88
3 88
4 88
5 88
5 89
5 90
5 91
5 92
5 93
5 94
5 95
5 96
5 97
5 98
5 99
5 100
5 101
5 102
4 102
3 102
2 102
1 102
0 102
199 2
198 2
197 2
196 2
195 2
194 2
193 2
192 2
191 2
190 2
189 2
188 2
187 2
186 2
185 2
184 2
184 3
184 4
185 4
185 3
185 2
185 1
185 0
0 85
1 85
2 85
3 85
4 85
5 85
6 85
7 85
8 85
9 85
10 85
11 85
12 85
13 85
14 85
15 85
16 85
16 84
16 83
16 82
16 81
16 80
16 79
16 78
16 77
16 76
16 75
16 74
17 74
18 74
19 74
20 74
21 74
22 74
22 75
22 76
22 77
22 78
22 79
22 80
22 79
22 78
22 77
22 76
22 75
22 74
21 74
20 74
19 74
18 74
17 74
16 74
16 73
16 72
16 71
16 70
16 69
16 68
16 67
16 66
15 66
14 66
14 67
14 68
14 69
14 70
14 71
14 72
14 73
14 74
14 75
14 76
14 77
14 78
14 79
14 80
14 81
14 82
14 83
14 84
14 85
14 86
14 87
14 88
14 89
14 90
14 91
14 92
14 93
14 94
15 94
16 94
17 94
18 94
19 94
20 94
21 94
22 94
23 94
23 93
23 92
23 91
23 90
22 90
22 91
22 92
22 93
22 94
22 95
23 95
23 94
23 93
23 92
23 91
23 90
23 91
23 92
23 93
23 94
23 95
23 96
23 97
24 97
24 98
24 97
23 97
22 97
21 97
20 97
19 97
18 97
17 97
16 97
15 97
14 97
13 97
13 96
14 96
15 96
16 96
17 96
18 96
19 96
20 96
21 96
21 97
21 98
21 99
21 100
21 101
22 101
23 101
24 101
24 102
24 103
24 104
24 105
24 106
23 106
22 106
21 106
20 106
19 106
19 105
19 104
19 103
20 103
21 103
22 103
23 103
24 103
25 103
26 103
27 103
28 103
29 103
30 103
31 103
32 103
33 103
34 103
35 103
35 104
35 105
35 106
35 107
35 108
35 109
35 110
36 110
37 110
38 110
39 110
40 110
41 110
41 109
41 108
41 107
41 106
41 105
41 106
41 107
41 108
41 109
41 110
41 111
41 112
41 113
41 114
41 115
41 116
41 117
41 118
41 119
41 120
41 121
41 122
41 123
41 124
42 124
43 124
44 124
45 124
46 124
47 124
48 124
49 124
74 99
74 98
75 98
76 98
77 98
78 98
79 98
80 98
81 98
82 98
83 98
84 98
85 98
85 97
85 96
85 95
85 94
85 93
85 92
84 92
83 92
82 92
81 92
80 92
79 92
78 92
77 92
76 92
75 92
74 92
73 92
72 92
72 93
72 94
72 95
72 96
72 97
72 98
72 99
71 99
70 99
69 99
68 99
68 98
68 97
68 96
68 95
68 94
68 93
68 92
68 91
68 90
67 90
66 90
65 90
64 90
63 90
62 90
61 90
60 90
59 90
58 90
57 90
56 90
55 90
54 90
53 90
52 90
51 90
50 90
49 90
48 90
47 90
46 90
45 90
44 90
43 90
42 90
41 90
40 90
39 90
38 90
37 90
36 90
35 90
34 90
33 90
32 90
32 91
32 92
32 93
32 94
32 95
33 95
33 96
33 97
33 98
33 99
33 100
33 101
33 102
33 103
33 104
33 105
34 105
35 105
36 105
37 105
37 106
37 107
37 108
37 109
37 110
38 110
39 110
40 110
41 110
41 109
41 108
41 107
41 106
41 105
41 106
41 107
41 108
41 109
41 110
41 111
41 112
41 113
41 114
41 115
41 116
41 117
41 118
41 119
41 120
41 121
41 122
41 123
41 124
42 124
43 124
44 124
45 124
46 124
47 124
48 124
49 124
74 99
74 98
75 98
76 98
77 98
78 98
79 98
80 98
81 98
82 98
83 98
84 98
85 98
85 97
85 96
85 95
85 94
85 93
85 92
85 93
85 94
85 95
85 96
85 97
85 98
85 99
49 135
48 135
47 135
46 135
45 135
44 135
43 135
43 136
43 137
42 137
41 137
40 137
39 137
38 137
37 137
36 137
35 137
34 137
33 137
32 137
31 137
30 137
29 137
28 137
27 137
26 137
25 137
24 137
23 137
22 137
21 137
20 137
19 137
18 137
17 137
16 137
15 137
14 137
13 137
12 137
11 137
10 137
10 138
10 139
10 140
10 141
10 142
10 143
11 143
12 143
13 143
14 143
15 143
16 143
17 143
18 143
19 143
20 143
21 143
22 143
23 143
24 143
24 144
24 145
24 146
23 146
22 146
21 146
20 146
19 146
18 146
17 146
17 145
18 145
19 145
20 145
20 144
20 143
20 142
20 141
20 140
20 139
20 138
20 137
20 136
20 135
20 134
20 133
20 132
20 131
20 130
19 130
18 130
17 130
16 130
15 130
14 130
13 130
12 130
11 130
10 130
9 130
9 129
9 128
9 127
9 126
9 125
10 125
11 125
12 125
13 125
14 125
15 125
16 125
17 125
18 125
19 125
20 125
20 126
20 127
20 128
20 129
20 130
20 131
20 132
20 133
20 134
20 135
20 136
20 137
20 138
20 139
20 140
20 141
20 142
20 143
20 144
20 145
20 146
20 147
20 148
20 149
129 99
129 98
129 97
129 96
129 95
128 95
127 95
126 95
125 95
124 95
123 95
122 95
121 95
121 96
121 97
121 98
121 99
28 149
28 148
28 147
28 146
28 145
28 144
28 143
28 142
28 141
28 140
28 139
28 138
28 137
28 136
28 135
28 134
28 133
28 132
28 131
28 130
27 130
26 130
25 130
24 130
23 130
22 130
21 130
21 131
21 132
21 133
21 134
21 135
21 136
21 137
21 138
21 139
21 140
20 140
19 140
18 140
17 140
16 140
15 140
15 141
15 142
15 143
15 144
15 145
15 146
15 147
15 148
15 149
134 99
134 98
134 97
134 96
133 96
132 96
132 97
132 98
132 99
17 149
17 148
17 147
17 146
17 145
18 145
19 145
20 145
20 144
20 143
20 142
20 141
20 140
20 139
20 138
20 137
20 136
20 135
20 134
20 133
20 132
20 131
20 130
20 129
20 128
20 127
20 126
20 125
20 124
20 123
19 123
18 123
17 123
16 123
15 123
15 124
15 125
15 126
15 127
15 128
15 129
15 130
15 131
15 132
15 133
15 134
15 135
15 136
15 137
15 138
15 139
15 140
15 141
15 142
15 143
15 144
15 145
15 146
15 147
15 148
15 149
134 99
134 98
134 97
134 96
134 97
134 98
134 99
15 149
15 148
15 147
15 146
15 145
15 144
15 143
15 142
15 141
15 140
15 139
15 138
15 137
15 136
15 135
15 134
15 133
15 132
15 131
15 130
15 129
15 128
15 127
15 126
15 125
15 124
15 123
15 122
15 121
15 120
15 119
15 118
15 117
15 116
15 115
15 114
16 114
16 113
16 112
16 111
15 111
14 111
13 111
12 111
11 111
12 111
13 111
14 111
15 111
16 111
17 111
18 111
19 111
20 111
21 111
22 111
23 111
24 111
25 111
26 111
27 111
28 111
29 111
30 111
31 111
31 110
31 109
31 108
32 108
33 108
34 108
35 108
36 108
37 108
38 108
38 109
38 110
38 111
38 112
38 113
37 113
36 113
35 113
34 113
33 113
33 112
33 111
33 110
33 109
33 108
33 107
32 107
32 106
32 105
32 104
32 103
32 102
32 101
32 100
32 99
32 98
33 98
34 98
35 98
36 98
37 98
38 98
39 98
40 98
41 98
42 98
43 98
44 98
45 98
46 98
46 99
46 100
46 101
46 102
46 103
46 104
46 105
46 106
46 107
46 108
46 109
46 110
46 111
46 112
46 113
46 114
46 115
46 116
46 117
46 118
46 119
46 120
46 121
46 122
46 123
46 124
45 124
44 124
43 124
42 124
41 124
40 124
39 124
38 124
39 124
40 124
41 124
42 124
43 124
44 124
45 124
46 124
47 124
48 124
49 124
74 99
74 98
75 98
76 98
77 98
78 98
79 98
80 98
81 98
82 98
83 98
84 98
85 98
85 97
85 96
85 95
85 94
85 93
85 92
84 92
84 91
84 90
84 89
84 88
84 87
85 87
86 87
87 87
88 87
89 87
90 87
91 87
91 86
91 85
91 84
91 83
91 82
91 81
91 80
91 79
91 78
91 77
91 76
91 75
91 74
91 73
91 72
91 71
91 70
91 69
91 68
91 67
91 66
91 65
91 64
92 64
93 64
94 64
95 64
95 63
95 62
95 61
95 60
95 59
95 58
95 57
95 56
95 55
95 54
95 53
95 52
95 51
95 50
100 45
101 45
102 45
101 45
100 45
95 50
95 51
95 52
95 53
94 53
93 53
92 53
91 53
90 53
89 53
88 53
87 53
86 53
85 53
84 53
83 53
82 53
81 53
80 53
79 53
78 53
77 53
76 53
76 54
76 55
76 56
76 57
76 58
76 59
76 60
76 61
76 62
77 62
78 62
79 62
80 62
81 62
82 62
83 62
84 62
85 62
86 62
87 62
88 62
89 62
89 63
89 64
89 65
89 66
89 67
89 68
89 69
89 70
89 71
89 72
89 73
89 74
89 75
89 76
89 77
89 78
89 79
89 80
89 81
89 82
89 83
88 83
88 82
89 82
90 82
91 82
92 82
93 82
94 82
95 82
96 82
97 82
98 82
99 82
100 82
101 82
102 82
103 82
104 82
105 82
106 82
107 82
108 82
108 83
108 84
108 85
108 86
108 87
108 88
108 89
107 89
106 89
105 89
104 89
103 89
102 89
101 89
100 89
99 89
98 89
97 89
97 88
98 88
99 88
100 88
101 88
102 88
103 88
104 88
104 89
104 90
104 91
104 92
104 93
104 94
104 95
104 96
104 97
104 98
104 99
45 149
45 148
45 147
45 146
46 146
46 145
46 144
46 143
46 142
46 141
46 140
46 139
47 139
48 139
49 139
89 99
89 98
89 97
89 96
89 95
89 94
89 93
89 92
89 91
89 90
89 89
89 88
89 87
89 86
89 85
89 84
89 83
89 82
89 81
89 80
89 79
89 78
89 77
89 76
89 75
89 74
89 73
89 72
89 71
89 70
89 69
89 68
89 67
89 66
89 65
89 64
89 63
89 62
89 61
89 60
89 59
90 59
91 59
92 59
93 59
93 60
94 60
95 60
96 60
97 60
98 60
99 60
100 60
101 60
102 60
103 60
104 60
105 60
106 60
107 60
108 60
109 60
109 61
110 61
111 61
111 62
111 61
111 60
112 60
113 60
114 60
115 60
116 60
117 60
118 60
119 60
120 60
121 60
122 60
123 60
123 61
123 62
123 63
123 64
123 65
123 66
123 67
123 68
123 69
123 70
123 71
123 72
123 73
123 74
122 74
121 74
120 74
119 74
118 74
118 73
118 72
117 72
116 72
116 73
115 73
114 73
113 73
112 73
112 74
113 74
114 74
114 73
115 73
116 73
117 73
118 73
119 73
120 73
121 73
122 73
123 73
124 73
125 73
126 73
127 73
128 73
129 73
130 73
131 73
132 73
133 73
134 73
135 73
136 73
137 73
138 73
139 73
140 73
141 73
141 72
141 71
141 70
141 69
141 68
141 67
141 66
141 65
141 64
141 63
141 62
141 61
141 60
141 59
141 58
141 59
141 60
141 61
141 62
141 63
141 64
141 65
141 66
141 67
141 68
141 69
141 70
141 71
141 72
141 73
141 74
141 75
141 76
141 77
141 78
141 79
141 80
141 81
141 82
140 82
139 82
138 82
137 82
136 82
135 82
134 82
133 82
133 83
133 84
133 85
133 86
133 87
133 88
133 89
133 90
132 90
131 90
130 90
129 90
128 90
127 90
127 91
127 92
127 93
127 94
127 95
127 96
127 97
127 98
127 99
22 149
22 148
21 148
20 148
19 148
18 148
17 148
16 148
15 148
14 148
13 148
12 148
11 148
10 148
9 148
8 148
7 148
6 148
6 149
143 99
143 98
143 97
143 96
143 97
143 98
143 99
6 149
6 148
7 148
8 148
9 148
10 148
11 148
12 148
13 148
14 148
15 148
16 148
17 148
18 148
19 148
20 148
21 148
22 148
22 149
127 99
127 98
127 97
127 96
127 95
127 94
127 93
127 92
127 91
127 90
127 89
127 88
127 89
127 90
127 91
127 92
127 93
127 94
127 95
127 96
127 97
127 98
127 99
22 149
22 148
22 147
22 146
22 145
22 144
22 143
22 142
22 141
22 140
23 140
24 140
24 139
24 138
24 137
24 136
24 135
24 134
24 133
24 132
24 131
24 130
24 129
24 128
24 127
24 126
24 125
24 124
24 123
24 122
24 121
23 121
22 121
21 121
20 121
19 121
19 122
18 122
17 122
16 122
15 122
14 122
13 122
12 122
11 122
10 122
9 122
8 122
7 122
6 122
5 122
4 122
3 122
3 123
3 124
3 125
2 125
1 125
1 124
1 123
1 122
1 121
1 120
1 119
1 118
1 117
1 116
0 116
199 16
198 16
197 16
196 16
195 16
194 16
193 16
192 16
191 16
190 16
190 15
190 14
190 13
190 12
190 11
190 10
190 9
190 8
190 7
190 6
191 6
192 6
192 5
192 4
192 3
192 2
192 1
192 0
0 92
1 92
2 92
3 92
4 92
5 92
6 92
7 92
8 92
9 92
10 92
11 92
12 92
13 92
14 92
15 92
16 92
17 92
18 92
18 91
17 91
16 91
15 91
14 91
13 91
12 91
11 91
10 91
10 90
9 90
8 90
7 90
6 90
5 90
4 90
3 90
2 90
1 90
0 90
190 0
190 1
190 2
190 3
190 4
190 3
190 2
190 1
190 0
0 90
1 90
2 90
3 90
4 90
5 90
6 90
7 90
8 90
9 90
10 90
11 90
12 90
13 90
14 90
15 90
16 90
17 90
17 89
17 88
17 87
17 86
18 86
19 86
20 86
20 85
20 84
20 83
20 82
19 82
18 82
17 82
16 82
15 82
14 82
13 82
12 82
11 82
10 82
9 82
8 82
7 82
6 82
5 82
4 82
3 82
2 82
1 82
0 82
182 0
182 1
183 1
184 1
185 1
186 1
187 1
188 1
189 1
190 1
191 1
192 1
192 0
0 92
1 92
2 92
3 92
4 92
5 92
6 92
7 92
8 92
9 92
10 92
11 92
12 92
13 92
14 92
15 92
16 92
17 92
18 92
18 93
18 94
18 95
18 96
18 97
18 98
18 99
18 100
18 101
18 102
18 103
17 103
16 103
15 103
14 103
13 103
12 103
11 103
10 103
9 103
8 103
7 103
7 102
7 101
7 100
7 99
7 98
7 97
7 96
6 96
5 96
4 96
4 95
4 94
4 93
4 92
4 91
4 90
4 89
4 88
4 87
4 86
4 85
4 84
4 83
4 82
4 81
4 80
5 80
5 81
5 82
6 82
7 82
8 82
9 82
10 82
11 82
12 82
13 82
14 82
15 82
16 82
17 82
18 82
19 82
20 82
21 82
21 81
21 82
21 83
21 84
20 84
19 84
18 84
17 84
16 84
15 84
14 84
13 84
13 83
13 82
13 81
13 80
14 80
15 80
16 80
17 80
17 79
17 78
17 77
17 76
17 75
17 74
17 73
17 72
18 72
19 72
20 72
21 72
21 71
21 70
21 69
22 69
23 69
24 69
25 69
26 69
27 69
27 68
27 67
27 66
27 65
27 64
27 63
27 62
27 61
27 60
27 59
27 58
27 57
27 56
27 55
27 54
27 53
27 52
27 51
27 50
122 0
123 0
124 0
125 0
126 0
127 0
128 0
129 0
130 0
131 0
132 0
133 0
134 0
135 0
136 0
137 0
138 0
139 0
140 0
141 0
142 0
143 0
144 0
145 0
146 0
147 0
148 0
149 0
150 0
151 0
152 0
153 0
0 53
1 53
2 53
2 52
2 51
2 50
3 50
4 50
5 50
6 50
7 50
8 50
141 0
141 1
140 1
139 1
138 1
137 1
136 1
135 1
134 1
133 1
132 1
131 1
130 1
129 1
128 1
127 1
126 1
126 2
126 3
127 3
128 3
128 2
128 1
128 0
127 0
126 0
125 0
124 0
123 0
122 0
121 0
120 0
119 0
118 0
117 0
116 0
115 0
114 0
113 0
112 0
111 0
110 0
109 0
108 0
107 0
106 0
105 0
104 0
103 0
46 50
46 51
47 51
48 51
49 51
50 51
50 52
49 52
48 52
47 52
47 51
48 51
49 51
50 51
50 52
50 53
50 54
50 55
50 56
50 57
50 58
50 59
50 60
50 61
50 62
49 62
48 62
47 62
46 62
45 62
44 62
43 62
42 62
42 63
42 64
42 65
42 66
42 67
42 68
42 69
42 70
42 71
42 72
42 73
42 74
42 75
42 76
42 77
42 78
42 79
42 80
42 81
42 82
42 83
42 84
42 85
43 85
44 85
45 85
46 85
47 85
48 85
49 85
50 85
51 85
52 85
52 86
52 87
52 88
52 89
52 90
52 91
52 92
52 93
52 94
52 95
52 96
51 96
50 96
49 96
48 96
47 96
46 96
45 96
44 96
43 96
42 96
41 96
40 96
39 96
38 96
37 96
36 96
36 95
36 94
36 93
36 92
37 92
38 92
37 92
36 92
35 92
34 92
33 92
32 92
31 92
30 92
29 92
28 92
27 92
26 92
25 92
24 92
23 92
22 92
21 92
20 92
20 91
20 90
20 89
20 88
19 88
18 88
17 88
16 88
16 87
16 86
16 85
16 84
16 83
16 82
16 81
16 80
16 79
16 78
16 77
16 76
16 75
16 74
16 73
16 72
16 71
16 70
16 69
16 68
16 67
16 66
17 66
18 66
19 66
20 66
21 66
22 66
23 66
24 66
25 66
26 66
27 66
28 66
29 66
29 65
29 64
29 63
29 62
29 61
29 60
29 59
29 58
29 57
29 56
29 55
29 54
29 53
30 53
31 53
32 53
33 53
34 53
35 53
36 53
37 53
38 53
39 53
40 53
41 53
42 53
43 53
44 53
45 53
46 53
47 53
48 53
49 53
50 53
51 53
52 53
53 53
54 53
55 53
56 53
57 53
58 53
59 53
60 53
61 53
62 53
63 53
64 53
65 53
66 53
66 52
66 51
66 50
100 16
101 16
102 16
103 16
104 16
105 16
105 15
105 14
105 13
105 12
105 11
104 11
103 11
102 11
101 11
100 11
61 50
61 51
61 52
61 53
61 54
61 55
61 56
61 57
61 58
61 59
62 59
63 59
64 59
65 59
65 60
65 61
65 62
65 63
65 64
65 65
65 66
65 67
65 68
65 69
65 70
65 71
65 72
65 73
65 74
65 75
65 76
65 77
66 77
67 77
68 77
69 77
70 77
71 77
72 77
73 77
74 77
75 77
76 77
77 77
78 77
79 77
80 77
80 78
80 79
80 80
80 81
79 81
78 81
77 81
76 81
75 81
74 81
73 81
72 81
71 81
70 81
69 81
68 81
67 81
66 81
65 81
64 81
64 80
64 79
64 78
63 78
62 78
61 78
60 78
59 78
58 78
57 78
56 78
55 78
54 78
53 78
52 78
51 78
50 78
49 78
48 78
47 78
46 78
45 78
44 78
43 78
42 78
41 78
40 78
39 78
38 78
37 78
36 78
35 78
34 78
33 78
32 78
31 78
30 78
29 78
28 78
27 78
27 77
27 76
27 75
27 74
27 73
26 73
25 73
24 73
24 74
24 75
25 75
26 75
27 75
28 75
29 75
30 75
31 75
32 75
33 75
34 75
35 75
36 75
36 74
36 73
37 73
38 73
39 73
39 74
38 74
37 74
36 74
35 74
34 74
33 74
32 74
31 74
30 74
30 75
30 76
30 77
30 78
30 79
30 80
30 81
30 82
31 82
32 82
33 82
34 82
35 82
35 81
35 80
35 79
35 78
35 77
35 76
35 75
35 74
35 73
35 72
35 71
35 70
35 69
35 68
35 67
35 66
35 65
35 64
35 63
35 62
35 61
35 60
35 59
35 58
35 57
35 56
35 55
35 54
35 53
35 52
35 51
35 50
114 0
114 1
113 1
112 1
111 1
110 1
110 0
39 50
110 0
110 1
110 2
110 3
110 4
110 5
109 5
108 5
107 5
107 4
107 3
107 2
107 1
107 0
42 50
42 51
42 52
42 53
42 54
42 55
42 56
42 57
42 58
42 59
42 60
42 61
42 62
42 63
42 64
42 65
42 66
42 67
42 68
42 69
42 70
42 71
42 72
42 73
42 74
42 75
42 76
42 77
42 78
42 79
42 80
42 81
41 81
41 82
41 83
41 84
41 85
41 86
41 87
41 88
41 89
41 90
41 91
41 92
41 93
40 93
39 93
40 93
41 93
42 93
43 93
44 93
45 93
46 93
47 93
48 93
49 93
50 93
51 93
52 93
53 93
54 93
55 93
56 93
57 93
58 93
59 93
60 93
61 93
62 93
63 93
64 93
65 93
66 93
67 93
68 93
69 93
70 93
71 93
72 93
72 92
72 91
72 90
72 89
72 88
73 88
74 88
75 88
76 88
77 88
78 88
79 88
80 88
81 88
82 88
83 88
84 88
85 88
86 88
86 87
86 86
85 86
85 85
84 85
83 85
82 85
81 85
80 85
79 85
78 85
77 85
76 85
75 85
74 85
74 84
74 83
74 82
74 81
74 80
74 79
75 79
76 79
77 79
78 79
79 79
80 79
81 79
81 78
80 78
80 77
80 76
80 75
80 74
80 73
80 72
80 71
80 70
81 70
82 70
83 70
84 70
85 70
86 70
87 70
88 70
89 70
90 70
91 70
92 70
93 70
94 70
95 70
96 70
97 70
98 70
99 70
100 70
101 70
102 70
103 70
103 71
102 71
102 70
102 69
102 68
102 67
102 66
102 65
102 64
101 64
100 64
99 64
98 64
97 64
97 65
96 65
96 66
96 67
96 68
96 69
96 70
96 71
96 72
96 73
97 73
98 73
99 73
100 73
101 73
102 73
103 73
104 73
105 73
106 73
107 73
108 73
109 73
110 73
110 72
110 71
110 70
110 69
110 68
110 67
110 66
110 65
110 64
110 63
109 63
109 64
109 65
109 66
109 67
109 68
109 69
109 70
109 71
109 72
109 73
109 74
109 75
109 76
109 77
110 77
111 77
112 77
113 77
114 77
115 77
116 77
117 77
118 77
119 77
120 77
121 77
122 77
123 77
124 77
125 77
126 77
127 77
128 77
129 77
130 77
131 77
132 77
133 77
134 77
134 78
134 79
135 79
136 79
137 79
138 79
139 79
140 79
141 79
142 79
142 78
142 77
142 76
142 75
142 74
142 73
142 72
142 71
142 70
142 69
142 68
142 67
142 66
142 65
142 64
142 63
142 62
142 61
142 60
142 59
142 58
142 57
142 56
142 55
142 54
142 53
142 52
142 51
142 50
142 49
143 49
144 49
145 49
146 49
147 49
148 49
148 48
148 47
149 47
150 47
151 47
152 47
153 47
154 47
155 47
156 47
157 47
158 47
159 47
160 47
161 47
162 47
163 47
164 47
165 47
166 47
166 48
166 49
149 66
148 66
147 66
146 66
145 66
144 66
143 66
142 66
141 66
140 66
139 66
139 67
139 68
139 69
139 70
139 71
139 72
139 73
139 74
139 75
139 76
139 77
140 77
141 77
142 77
143 77
143 76
143 75
143 74
143 73
143 72
143 71
143 70
143 69
143 68
143 67
143 66
143 65
143 64
143 63
144 63
145 63
146 63
147 63
148 63
148 64
148 65
148 66
148 67
148 68
148 69
147 69
146 69
145 69
144 69
143 69
142 69
141 69
141 68
141 67
141 66
141 65
141 64
141 63
141 62
141 61
141 60
141 59
141 58
142 58
143 58
144 58
145 58
146 58
147 58
147 57
148 57
149 57
157 49
157 48
157 47
157 46
157 45
158 45
159 45
160 45
161 45
162 45
163 45
164 45
165 45
166 45
167 45
168 45
169 45
170 45
171 45
172 45
173 45
174 45
175 45
176 45
177 45
178 45
179 45
180 45
181 45
182 45
183 45
183 44
183 43
183 42
183 41
183 40
183 39
183 38
183 37
183 36
183 35
183 34
183 33
183 32
183 31
183 30
183 29
183 28
183 27
183 26
183 25
183 24
182 24
181 24
180 24
180 25
180 26
180 27
181 27
181 28
182 28
183 28
184 28
185 28
186 28
187 28
186 28
185 28
184 28
183 28
182 28
181 28
181 27
180 27
180 26
180 25
180 24
180 23
180 22
180 21
180 20
180 19
180 18
180 17
180 16
180 15
180 14
180 13
180 12
180 11
181 11
182 11
183 11
183 12
183 13
183 14
183 15
183 16
183 17
183 18
183 19
183 20
183 21
183 22
184 22
185 22
186 22
187 22
188 22
188 21
188 20
188 19
188 18
188 17
188 16
189 16
190 16
191 16
191 17
191 18
191 19
191 20
191 21
191 22
191 23
191 24
191 25
191 26
191 27
190 27
189 27
188 27
187 27
186 27
185 27
184 27
183 27
182 27
181 27
181 28
181 29
181 30
181 31
182 31
183 31
184 31
185 31
186 31
187 31
188 31
189 31
190 31
191 31
192 31
193 31
194 31
195 31
195 32
195 33
195 34
194 34
193 34
193 33
193 32
193 31
193 30
193 29
193 28
193 27
193 26
193 25
193 24
193 23
193 22
193 21
193 20
192 20
191 20
190 20
190 21
190 22
190 23
190 24
190 25
190 26
189 26
188 26
187 26
186 26
185 26
184 26
183 26
182 26
182 27
182 28
182 29
182 30
182 31
182 32
182 31
182 30
182 29
182 28
182 27
182 26
182 25
182 24
182 23
181 23
180 23
179 23
178 23
177 23
176 23
175 23
174 23
173 23
172 23
171 23
170 23
169 23
168 23
168 24
168 25
168 26
168 27
168 28
168 29
168 30
168 31
168 32
168 33
168 34
168 35
168 36
168 37
168 38
168 39
168 40
168 41
168 42
168 43
168 44
168 45
168 46
168 47
168 48
168 49
149 68
148 68
147 68
146 68
145 68
144 68
143 68
142 68
141 68
140 68
139 68
139 69
139 70
139 71
139 72
139 73
139 74
139 75
139 76
139 77
139 76
139 75
139 74
139 73
139 72
139 71
139 70
139 69
139 68
139 67
139 66
138 66
137 66
136 66
136 67
136 68
136 69
135 69
134 69
133 69
132 69
131 69
130 69
129 69
128 69
127 69
126 69
126 68
126 67
126 66
126 65
126 64
126 63
126 62
126 61
126 60
126 59
126 58
126 57
126 56
127 56
127 55
127 54
127 53
127 52
127 51
127 50
127 49
127 48
127 47
127 46
128 46
129 46
130 46
131 46
132 46
133 46
134 46
135 46
136 46
136 45
136 44
136 43
136 42
136 41
136 40
136 39
137 39
137 38
137 37
137 36
138 36
139 36
140 36
141 36
142 36
143 36
144 36
145 36
146 36
147 36
148 36
149 36
150 36
151 36
152 36
153 36
154 36
155 36
156 36
157 36
158 36
158 35
158 34
157 34
156 34
155 34
154 34
153 34
152 34
151 34
150 34
149 34
148 34
147 34
146 34
145 34
144 34
143 34
142 34
141 34
140 34
139 34
138 34
138 35
138 36
138 37
138 38
137 38
137 37
137 36
136 36
135 36
134 36
133 36
132 36
131 36
130 36
129 36
128 36
127 36
126 36
125 36
124 36
123 36
122 36
121 36
120 36
119 36
118 36
117 36
116 36
115 36
114 36
113 36
112 36
111 36
110 36
109 36
108 36
107 36
106 36
105 36
104 36
103 36
102 36
101 36
100 36
86 50
86 51
86 52
87 52
88 52
89 52
90 52
90 51
90 50
100 40
101 40
102 40
103 40
104 40
105 40
106 40
107 40
108 40
109 40
110 40
111 40
112 40
113 40
114 40
115 40
116 40
116 39
116 38
116 37
116 36
115 36
114 36
113 36
112 36
111 36
110 36
109 36
108 36
107 36
106 36
105 36
104 36
103 36
102 36
102 35
102 34
101 34
100 34
84 50
84 51
84 52
84 53
84 54
84 55
84 56
84 57
84 58
84 59
84 60
84 61
84 62
84 63
84 64
84 65
84 66
84 67
84 68
84 69
84 70
84 71
84 72
84 73
84 74
85 74
86 74
87 74
88 74
89 74
89 75
89 76
89 77
89 78
89 79
89 80
89 81
89 82
89 83
89 84
89 85
89 86
89 87
89 88
89 89
89 90
89 91
89 92
89 93
89 94
89 95
89 96
89 97
89 98
89 99
49 139
48 139
47 139
46 139
46 140
46 141
46 142
46 143
46 144
46 145
46 146
46 147
46 148
46 149
103 99
103 98
103 97
103 96
103 95
104 95
105 95
106 95
107 95
108 95
109 95
109 96
110 96
111 96
112 96
113 96
114 96
115 96
116 96
117 96
118 96
117 96
116 96
115 96
114 96
113 96
112 96
111 96
110 96
109 96
108 96
107 96
106 96
105 96
104 96
103 96
102 96
101 96
100 96
99 96
98 96
97 96
97 95
97 94
97 93
97 92
97 91
97 90
97 89
97 88
96 88
95 88
94 88
93 88
92 88
91 88
90 88
89 88
89 89
89 90
89 91
89 92
89 93
89 94
89 95
89 96
89 97
89 98
89 99
49 139
48 139
47 139
46 139
47 139
48 139
49 139
89 99
89 98
89 97
89 96
89 95
89 94
89 93
89 92
89 91
89 90
89 89
89 88
89 87
89 86
89 85
89 84
89 83
89 82
89 81
89 80
89 79
89 78
89 77
89 76
89 75
89 74
89 73
89 72
89 71
88 71
87 71
86 71
85 71
84 71
83 71
82 71
81 71
80 71
79 71
78 71
77 71
76 71
75 71
74 71
73 71
72 71
72 70
72 69
72 68
71 68
70 68
69 68
68 68
67 68
66 68
65 68
64 68
63 68
62 68
61 68
60 68
59 68
58 68
57 68
56 68
55 68
54 68
54 67
54 66
54 65
54 64
54 63
54 62
54 61
54 60
54 59
54 58
54 57
54 56
54 55
54 54
54 53
54 52
54 51
54 50
100 4
101 4
102 4
103 4
104 4
104 5
104 6
104 7
104 8
104 9
104 10
104 11
104 12
104 13
104 14
104 15
104 16
103 16
102 16
101 16
100 16
66 50
66 51
66 52
66 53
66 54
66 55
66 56
66 57
66 58
66 59
66 60
66 61
66 62
66 63
66 64
67 64
68 64
69 64
70 64
71 64
72 64
73 64
74 64
75 64
76 64
77 64
78 64
79 64
80 64
81 64
82 64
82 65
82 66
82 67
82 68
82 69
82 70
82 71
82 72
82 73
82 74
82 75
82 76
82 77
82 78
82 79
82 80
82 81
83 81
84 81
85 81
85 82
85 83
84 83
84 84
84 85
83 85
82 85
81 85
80 85
79 85
78 85
77 85
76 85
75 85
74 85
74 84
74 83
74 82
74 81
74 80
74 79
73 79
72 79
72 78
72 77
72 76
72 75
72 74
72 73
72 72
72 71
72 70
72 69
72 68
73 68
74 68
75 68
75 69
75 70
75 71
75 72
75 73
75 74
75 75
75 76
75 77
75 78
75 79
75 80
75 81
75 82
75 83
75 84
75 85
75 86
75 87
75 88
75 89
75 90
74 90
74 89
74 88
74 87
74 86
74 85
74 84
74 83
74 82
74 81
74 80
74 79
73 79
72 79
72 80
72 81
72 82
72 83
72 84
72 85
72 86
72 87
72 88
72 89
72 90
72 91
72 92
72 93
72 94
72 95
72 96
71 96
70 96
69 96
68 96
67 96
66 96
65 96
64 96
63 96
62 96
61 96
60 96
59 96
58 96
58 95
58 94
58 93
58 92
57 92
56 92
55 92
54 92
53 92
52 92
52 91
52 90
52 89
52 88
52 87
52 86
52 85
52 84
52 83
52 82
52 81
53 81
54 81
55 81
56 81
56 82
56 83
56 84
56 85
56 86
56 87
56 88
56 89
56 90
56 91
56 92
56 93
56 94
56 95
56 96
56 97
56 98
56 99
49 106
49 107
49 108
49 109
49 110
49 111
61 99
61 98
61 97
61 96
61 95
61 94
61 93
61 92
61 91
61 90
61 89
61 88
61 87
61 86
61 85
61 84
62 84
63 84
64 84
64 85
64 86
64 87
64 88
64 89
64 90
64 91
64 92
64 93
64 94
64 95
64 96
64 97
64 98
64 99
63 99
62 99
61 99
60 99
59 99
49 109
48 109
47 109
46 109
45 109
44 109
43 109
42 109
41 109
40 109
39 109
38 109
37 109
36 109
35 109
34 109
33 109
33 110
33 111
33 112
33 113
33 114
33 115
33 116
33 117
33 118
33 119
33 120
33 121
33 122
33 123
33 124
33 125
33 126
33 127
33 128
33 129
33 130
33 131
33 132
32 132
31 132
30 132
29 132
28 132
27 132
26 132
25 132
24 132
23 132
23 131
23 130
23 129
23 128
23 127
23 126
23 125
23 124
23 123
23 122
23 121
23 120
23 119
23 118
23 117
23 116
23 115
23 114
23 113
23 112
23 111
23 110
23 109
23 108
22 108
21 108
20 108
19 108
18 108
17 108
16 108
15 108
14 108
13 108
12 108
11 108
10 108
9 108
9 107
9 106
9 105
9 104
9 103
9 102
9 101
9 100
9 99
10 99
11 99
12 99
13 99
14 99
15 99
16 99
17 99
18 99
19 99
20 99
21 99
21 98
21 97
21 96
21 95
21 94
21 93
21 92
21 91
22 91
23 91
23 90
22 90
22 91
22 92
22 93
22 94
22 95
21 95
20 95
19 95
18 95
17 95
16 95
16 96
16 97
16 98
16 99
16 100
16 101
15 101
14 101
13 101
12 101
11 101
10 101
9 101
8 101
7 101
6 101
5 101
4 101
3 101
2 101
2 100
2 99
2 98
2 97
2 96
2 95
1 95
0 95
195 0
195 1
195 2
195 3
195 4
195 5
195 6
195 7
196 7
197 7
198 7
198 6
198 5
198 4
198 3
198 2
198 1
198 0
199 0
0 100
1 100
2 100
3 100
4 100
5 100
5 99
5 98
5 97
5 96
5 95
5 94
5 93
5 92
5 91
5 90
5 89
5 88
4 88
3 88
2 88
1 88
0 88
188 0
188 1
188 2
188 3
188 4
188 5
188 6
188 7
188 8
188 9
188 10
188 11
188 12
188 13
188 14
188 15
188 16
187 16
187 15
187 14
187 13
187 12
188 12
189 12
190 12
191 12
192 12
193 12
194 12
195 12
196 12
197 12
198 12
199 12
199 13
0 113
1 113
2 113
3 113
4 113
5 113
6 113
7 113
8 113
9 113
10 113
11 113
12 113
13 113
14 113
14 112
14 111
14 110
14 109
14 108
14 107
14 106
14 105
13 105
12 105
12 104
12 103
12 102
12 101
13 101
14 101
15 101
16 101
17 101
18 101
19 101
20 101
21 101
22 101
23 101
24 101
24 100
23 100
22 100
21 100
20 100
19 100
18 100
17 100
16 100
15 100
14 100
14 99
14 98
14 97
14 96
15 96
16 96
17 96
18 96
19 96
20 96
21 96
21 95
21 94
21 93
21 92
21 91
22 91
23 91
24 91
25 91
25 92
24 92
23 92
22 92
21 92
20 92
20 93
20 94
20 95
19 95
18 95
17 95
16 95
16 94
16 93
16 92
16 91
16 90
16 89
16 88
16 87
15 87
14 87
13 87
12 87
11 87
10 87
9 87
8 87
8 86
8 85
8 84
8 83
8 82
8 81
8 80
8 79
8 78
8 77
8 76
8 75
8 74
8 73
8 72
8 71
8 70
8 69
8 68
8 67
9 67
10 67
11 67
11 68
11 69
11 70
11 71
11 72
11 73
11 74
12 74
13 74
14 74
15 74
16 74
17 74
18 74
19 74
20 74
20 75
20 76
20 77
20 78
20 79
20 80
20 79
20 78
20 77
20 76
20 75
20 74
20 73
20 72
20 71
20 70
20 69
20 68
20 67
20 66
20 65
20 64
20 63
21 63
22 63
23 63
24 63
25 63
26 63
27 63
28 63
29 63
30 63
31 63
32 63
33 63
34 63
35 63
36 63
37 63
38 63
38 64
38 65
38 66
38 67
38 68
38 69
38 70
38 71
38 72
38 73
38 74
38 75
38 76
38 77
38 78
38 79
38 80
38 81
38 82
38 83
39 83
40 83
41 83
42 83
43 83
44 83
45 83
46 83
47 83
48 83
49 83
50 83
51 83
52 83
53 83
54 83
54 84
55 84
56 84
56 83
56 82
56 81
56 80
55 80
54 80
54 81
54 82
54 83
54 84
55 84
56 84
56 83
56 82
56 81
56 80
57 80
58 80
59 80
60 80
61 80
62 80
63 80
64 80
65 80
66 80
67 80
68 80
69 80
70 80
71 80
72 80
73 80
74 80
75 80
76 80
77 80
77 81
77 82
77 83
77 84
77 85
76 85
75 85
74 85
74 84
74 83
74 82
74 81
74 80
74 79
75 79
76 79
77 79
78 79
79 79
80 79
81 79
82 79
82 80
82 81
81 81
80 81
79 81
78 81
77 81
76 81
75 81
74 81
73 81
72 81
71 81
70 81
69 81
68 81
67 81
66 81
65 81
64 81
63 81
62 81
61 81
60 81
59 81
58 81
58 80
58 79
58 78
58 77
59 77
59 78
59 79
59 80
59 81
59 82
58 82
57 82
56 82
55 82
54 82
53 82
52 82
51 82
50 82
49 82
48 82
47 82
46 82
45 82
44 82
44 83
45 83
46 83
47 83
48 83
49 83
50 83
51 83
52 83
53 83
54 83
55 83
56 83
57 83
58 83
58 84
58 85
58 86
58 87
58 88
58 89
58 90
57 90
56 90
55 90
54 90
53 90
52 90
51 90
50 90
49 90
48 90
47 90
46 90
45 90
44 90
43 90
42 90
41 90
40 90
39 90
38 90
37 90
36 90
35 90
34 90
33 90
32 90
32 91
32 92
32 93
32 94
32 95
33 95
34 95
35 95
36 95
37 95
38 95
39 95
40 95
41 95
42 95
43 95
44 95
45 95
46 95
47 95
48 95
49 95
50 95
51 95
52 95
53 95
54 95
55 95
56 95
57 95
58 95
58 94
58 93
58 92
57 92
56 92
55 92
55 93
55 94
55 95
55 96
55 97
55 98
55 99
49 105
48 105
47 105
46 105
45 105
44 105
43 105
42 105
41 105
41 106
41 107
41 108
41 109
41 110
41 111
41 112
41 113
41 114
41 115
41 116
41 117
41 118
41 119
41 120
41 121
41 122
41 123
41 124
40 124
39 124
38 124
39 124
40 124
41 124
42 124
43 124
44 124
45 124
46 124
47 124
48 124
49 124
74 99
74 98
75 98
76 98
77 98
78 98
79 98
80 98
81 98
82 98
83 98
84 98
85 98
85 97
85 96
85 95
85 94
85 93
85 92
84 92
83 92
82 92
81 92
80 92
79 92
78 92
77 92
76 92
76 93
76 94
76 95
76 96
76 97
76 98
76 99
75 99
74 99
73 99
72 99
71 99
70 99
69 99
68 99
49 118
48 118
47 118
46 118
45 118
44 118
43 118
43 117
43 116
43 115
43 114
43 113
44 113
45 113
46 113
46 112
46 111
46 110
46 109
46 108
47 108
48 108
49 108
49 107
49 106
49 105
49 104
49 103
49 102
49 101
49 100
49 99
49 98
49 97
49 96
49 95
48 95
47 95
46 95
45 95
44 95
43 95
43 94
43 93
43 92
43 91
43 90
44 90
45 90
46 90
47 90
48 90
49 90
50 90
51 90
52 90
53 90
54 90
55 90
56 90
57 90
58 90
59 90
60 90
61 90
62 90
63 90
64 90
65 90
66 90
67 90
68 90
69 90
70 90
71 90
72 90
73 90
74 90
75 90
76 90
76 91
76 92
76 93
76 94
76 95
76 96
76 97
76 98
76 99
77 99
78 99
49 128
48 128
47 128
46 128
45 128
44 128
43 128
43 127
42 127
41 127
40 127
39 127
38 127
37 127
36 127
35 127
34 127
33 127
33 126
33 125
33 124
33 123
33 122
33 121
33 120
33 119
33 118
33 117
33 116
33 115
33 114
33 113
33 112
33 111
33 110
33 109
33 108
32 108
31 108
30 108
29 108
28 108
27 108
26 108
25 108
24 108
23 108
22 108
21 108
20 108
19 108
18 108
17 108
16 108
15 108
14 108
13 108
12 108
11 108
10 108
9 108
9 107
9 106
9 105
8 105
7 105
6 105
5 105
4 105
3 105
2 105
1 105
0 105
0 104
0 103
0 102
0 101
0 100
0 99
199 0
199 1
199 2
199 3
199 4
199 5
199 6
0 106
1 106
2 106
3 106
4 106
5 106
6 106
6 107
6 108
6 109
6 110
6 111
6 112
6 113
6 114
6 115
6 116
6 117
6 118
5 118
4 118
3 118
2 118
1 118
0 118
199 18
198 18
197 18
196 18
195 18
194 18
193 18
192 18
191 18
190 18
190 17
190 16
190 15
190 14
190 13
190 12
190 11
190 10
190 9
190 8
190 7
190 6
191 6
192 6
192 7
192 8
192 9
192 10
192 11
192 12
192 13
192 14
193 14
193 13
193 12
193 11
193 10
192 10
191 10
190 10
190 9
190 8
190 7
190 6
189 6
188 6
187 6
186 6
186 7
186 8
185 8
184 8
183 8
182 8
181 8
180 8
179 8
178 8
177 8
177 7
177 6
177 5
178 5
179 5
180 5
181 5
182 5
183 5
183 4
183 3
184 3
185 3
186 3
187 3
188 3
189 3
190 3
191 3
192 3
193 3
193 4
193 5
194 5
195 5
196 5
197 5
198 5
199 5
0 105
1 105
2 105
3 105
4 105
5 105
6 105
7 105
8 105
9 105
10 105
10 106
10 107
10 108
10 109
10 110
9 110
9 109
9 108
9 107
9 106
9 105
9 104
9 103
9 102
9 101
9 100
9 99
9 100
9 101
9 102
9 103
9 104
9 105
9 106
9 107
9 108
9 109
9 110
9 111
9 112
9 113
9 114
9 115
9 116
9 117
9 118
9 119
9 120
9 121
9 122
9 123
10 123
11 123
12 123
13 123
13 124
13 125
13 126
13 127
13 128
13 129
13 130
13 131
13 132
13 133
12 133
11 133
10 133
9 133
8 133
7 133
6 133
5 133
4 133
3 133
2 133
1 133
0 133
199 33
198 33
197 33
196 33
195 33
195 34
194 34
194 35
194 36
194 37
194 38
194 39
194 40
194 41
194 42
194 43
194 44
194 45
194 46
194 47
194 48
194 49
149 94
148 94
147 94
146 94
145 94
144 94
143 94
142 94
141 94
140 94
139 94
138 94
137 94
138 94
139 94
140 94
141 94
142 94
143 94
144 94
145 94
146 94
147 94
148 94
149 94
194 49
194 48
194 47
194 46
194 45
194 44
194 43
194 42
194 41
194 40
194 39
194 38
194 37
194 36
194 35
194 34
195 34
195 33
195 32
195 31
195 30
195 29
195 28
196 28
197 28
198 28
199 28
0 128
1 128
2 128
3 128
4 128
5 128
6 128
7 128
8 128
9 128
10 128
10 129
10 130
10 131
10 132
10 133
10 134
10 135
10 136
10 137
10 138
10 139
10 140
10 141
10 142
10 143
11 143
12 143
13 143
14 143
15 143
16 143
17 143
18 143
19 143
20 143
21 143
22 143
23 143
24 143
25 143
26 143
27 143
28 143
29 143
30 143
31 143
32 143
33 143
34 143
35 143
36 143
37 143
38 143
39 143
40 143
41 143
42 143
42 144
42 145
42 146
41 146
40 146
39 146
38 146
37 146
36 146
35 146
34 146
33 146
32 146
32 145
32 144
32 143
32 142
32 141
32 140
32 139
32 138
32 137
32 136
32 135
32 134
32 133
32 132
32 131
33 131
34 131
35 131
35 130
36 130
37 130
38 130
39 130
40 130
41 130
42 130
43 130
44 130
45 130
46 130
47 130
48 130
49 130
49 131
49 132
49 133
49 134
49 135
49 136
49 137
49 138
49 139
49 140
90 99
90 98
90 97
91 97
92 97
93 97
94 97
95 97
96 97
97 97
98 97
99 97
100 97
101 97
102 97
103 97
104 97
104 98
104 99
45 149
45 148
45 147
45 146
46 146
46 147
46 148
46 149
103 99
103 98
103 97
103 96
103 95
102 95
102 94
102 93
102 92
101 92
100 92
101 92
102 92
103 92
104 92
105 92
106 92
107 92
108 92
109 92
110 92
111 92
112 92
113 92
113 93
113 94
113 95
113 96
113 97
113 98
114 98
115 98
116 98
116 97
116 96
116 95
116 94
117 94
117 95
117 96
117 97
117 96
117 95
117 94
116 94
115 94
114 94
113 94
112 94
111 94
110 94
109 94
108 94
107 94
106 94
105 94
104 94
104 93
104 92
104 91
104 90
104 89
104 88
104 87
104 86
104 85
104 84
104 83
104 82
104 81
104 80
103 80
102 80
101 80
100 80
99 80
100 80
101 80
102 80
103 80
104 80
104 81
104 82
104 83
105 83
105 82
105 81
104 81
103 81
103 82
103 83
104 83
105 83
106 83
107 83
108 83
109 83
110 83
111 83
112 83
113 83
114 83
115 83
116 83
117 83
118 83
119 83
120 83
121 83
122 83
123 83
124 83
123 83
122 83
121 83
120 83
119 83
118 83
117 83
116 83
115 83
114 83
113 83
112 83
111 83
110 83
109 83
108 83
107 83
106 83
105 83
104 83
103 83
102 83
101 83
100 83
99 83
98 83
97 83
96 83
95 83
94 83
93 83
93 84
93 85
93 86
93 87
93 88
93 89
93 90
94 90
95 90
95 91
95 92
95 93
95 94
95 95
95 96
95 97
95 98
95 99
96 99
97 99
98 99
99 99
100 99
101 99
102 99
103 99
104 99
105 99
106 99
107 99
108 99
109 99
109 98
108 98
107 98
106 98
105 98
105 99
106 99
107 99
108 99
109 99
40 149
40 148
40 147
40 146
40 145
40 144
40 143
40 142
40 141
41 141
42 141
43 141
44 141
44 140
44 139
44 138
44 137
44 136
44 135
44 134
44 133
44 132
44 131
44 130
44 129
44 128
44 127
44 126
44 125
44 124
44 123
44 122
44 121
44 120
44 119
44 118
44 117
44 116
44 115
44 114
44 113
44 112
44 111
44 110
44 109
45 109
46 109
47 109
48 109
49 109
59 99
59 98
59 97
59 96
59 95
59 94
59 93
60 93
61 93
62 93
63 93
64 93
65 93
66 93
67 93
68 93
69 93
70 93
71 93
72 93
72 92
72 91
72 90
72 89
72 88
72 87
72 86
72 85
72 84
72 83
72 82
72 81
72 80
72 79
72 78
72 77
72 76
72 75
72 74
72 73
72 72
72 71
72 70
73 70
74 70
75 70
76 70
77 70
78 70
79 70
80 70
81 70
82 70
83 70
84 70
85 70
86 70
87 70
88 70
89 70
90 70
91 70
92 70
93 70
94 70
95 70
96 70
97 70
98 70
99 70
100 70
101 70
102 70
103 70
103 71
103 70
103 69
103 68
103 67
103 66
103 65
103 64
103 63
103 62
103 61
103 60
103 59
103 58
103 57
103 56
103 55
103 54
102 54
101 54
100 54
99 54
99 53
99 52
99 51
99 50
100 49
101 49
102 49
103 49
104 49
105 49
106 49
107 49
107 48
107 47
107 46
107 45
107 44
107 43
107 42
107 41
107 40
107 39
107 38
107 37
107 36
107 35
107 34
107 33
107 32
107 31
108 31
109 31
110 31
110 30
110 29
110 28
110 27
110 26
110 25
111 25
112 25
113 25
114 25
115 25
114 25
113 25
112 25
111 25
110 25
109 25
108 25
107 25
106 25
105 25
104 25
103 25
102 25
101 25
100 25
75 50
74 50
73 50
72 50
71 50
70 50
70 51
70 52
70 53
70 54
70 55
70 56
70 57
70 58
70 59
70 60
69 60
68 60
67 60
66 60
65 60
64 60
63 60
62 60
62 61
62 62
62 63
62 64
62 65
62 66
62 67
62 68
62 69
62 70
62 71
62 72
62 73
62 74
62 75
63 75
64 75
65 75
66 75
67 75
68 75
68 74
68 73
68 72
68 71
68 70
68 69
68 68
68 67
68 66
68 65
68 64
68 63
69 63
70 63
71 63
72 63
72 62
72 61
71 61
71 60
71 59
71 58
71 57
71 56
71 55
71 54
70 54
69 54
68 54
68 53
68 52
68 51
68 50
100 18
101 18
101 17
101 16
101 15
101 14
101 13
101 12
101 11
102 11
103 11
104 11
105 11
106 11
107 11
108 11
109 11
110 11
110 12
110 13
110 14
110 15
110 16
110 17
110 18
110 19
110 20
110 21
110 22
111 22
112 22
113 22
114 22
115 22
116 22
117 22
118 22
119 22
120 22
121 22
122 22
123 22
124 22
124 21
124 20
124 19
124 18
124 17
124 16
124 15
124 14
123 14
122 14
121 14
120 14
119 14
118 14
117 14
116 14
115 14
114 14
113 14
112 14
111 14
110 14
109 14
108 14
108 15
108 16
108 17
108 18
108 19
108 20
108 21
108 22
108 23
108 24
108 25
108 26
108 27
108 28
108 29
108 30
108 31
107 31
106 31
105 31
105 30
105 29
105 28
105 27
105 26
105 25
105 24
105 23
105 22
105 21
105 20
105 19
105 18
105 17
105 16
105 15
105 14
105 13
105 12
105 11
106 11
107 11
108 11
109 11
110 11
110 12
110 13
110 14
110 15
110 16
110 17
110 18
110 19
110 20
110 21
110 22
111 22
111 21
111 20
111 19
111 18
111 17
111 16
111 15
111 14
111 13
111 12
110 12
109 12
108 12
107 12
106 12
105 12
104 12
103 12
102 12
101 12
100 12
62 50
62 51
62 52
62 53
62 54
62 55
62 56
62 57
62 58
62 59
62 60
62 61
62 62
62 63
62 64
62 65
62 66
63 66
64 66
65 66
66 66
67 66
68 66
69 66
70 66
70 67
70 68
70 69
70 70
70 71
70 72
70 73
70 74
70 75
70 76
70 77
70 78
70 79
70 80
70 81
70 82
70 83
70 84
70 85
70 86
70 87
69 87
68 87
67 87
66 87
66 88
66 89
66 90
66 91
65 91
65 90
65 89
65 88
66 88
67 88
68 88
68 89
68 90
68 91
68 92
68 93
68 94
68 95
68 96
68 97
68 98
68 99
49 118
48 118
47 118
46 118
45 118
44 118
44 119
44 120
44 121
44 122
44 123
44 124
44 125
44 126
44 127
44 128
44 129
44 130
44 131
44 132
44 133
44 134
44 135
44 136
44 137
44 138
44 139
44 140
44 141
44 142
44 143
44 144
44 145
44 146
44 147
44 148
45 148
45 147
45 146
44 146
43 146
42 146
41 146
40 146
39 146
38 146
37 146
36 146
35 146
34 146
33 146
32 146
32 147
33 147
34 147
35 147
36 147
37 147
38 147
39 147
40 147
41 147
42 147
43 147
44 147
45 147
46 147
46 148
46 149
103 99
102 99
101 99
100 99
99 99
98 99
98 98
98 97
98 96
98 95
98 94
98 93
98 92
98 91
98 90
98 89
98 88
98 87
98 86
98 85
98 84
98 83
98 82
98 81
98 80
98 79
98 78
98 77
98 76
98 75
99 75
100 75
101 75
102 75
103 75
104 75
105 75
106 75
107 75
108 75
109 75
110 75
111 75
111 76
111 77
111 78
111 79
111 80
111 81
111 82
111 83
111 84
111 85
111 86
111 87
111 88
111 89
111 90
110 90
109 90
109 89
109 88
109 87
108 87
107 87
106 87
105 87
104 87
104 86
104 85
104 84
104 83
104 82
104 81
104 80
104 81
104 82
104 83
104 84
104 85
104 86
104 87
104 88
104 89
104 90
104 91
104 92
104 93
104 94
104 95
104 96
104 97
104 98
104 99
45 149
45 148
45 147
46 147
46 148
46 149
103 99
103 98
103 97
103 96
103 95
104 95
105 95
106 95
107 95
108 95
109 95
109 96
108 96
107 96
106 96
105 96
104 96
103 96
102 96
101 96
100 96
99 96
98 96
97 96
97 97
97 98
97 99
49 147
48 147
48 148
48 149
101 99
101 98
101 97
101 96
101 95
101 94
101 93
101 92
101 91
101 92
101 93
101 94
101 95
101 96
101 97
101 98
101 99
48 149
48 148
48 147
48 148
48 149
101 99
101 98
101 97
101 96
101 95
101 94
101 93
101 92
101 91
100 91
99 91
98 91
97 91
96 91
95 91
94 91
93 91
92 91
91 91
90 91
89 91
88 91
87 91
86 91
87 91
88 91
89 91
90 91
91 91
92 91
92 90
92 89
92 88
91 88
90 88
89 88
89 87
89 86
89 85
89 84
89 83
89 82
88 82
87 82
86 82
85 82
84 82
83 82
83 81
83 80
82 80
81 80
80 80
79 80
79 81
79 82
79 83
79 84
79 85
79 86
79 87
79 88
79 89
79 90
79 91
79 92
79 93
78 93
77 93
76 93
75 93
74 93
74 92
73 92
72 92
72 93
72 94
72 95
72 96
72 97
72 98
72 99
71 99
70 99
69 99
68 99
68 98
68 97
68 96
68 95
68 94
68 93
68 92
68 91
68 90
68 89
68 88
68 87
68 86
68 85
68 84
68 83
67 83
66 83
65 83
64 83
64 82
64 81
64 80
64 79
64 78
64 79
64 80
64 81
64 82
64 83
64 84
64 85
64 86
64 87
64 88
64 89
64 90
64 91
64 92
64 93
64 94
64 95
64 96
64 97
64 98
64 99
63 99
62 99
61 99
60 99
59 99
59 98
59 97
59 96
59 95
59 94
59 93
60 93
61 93
62 93
63 93
64 93
65 93
66 93
67 93
68 93
69 93
70 93
71 93
72 93
72 94
72 95
72 96
72 97
72 98
72 99
73 99
74 99
75 99
76 99
77 99
78 99
78 98
78 97
78 96
78 95
78 94
78 93
78 92
78 91
78 90
78 89
78 88
78 87
78 86
78 85
78 84
77 84
77 85
78 85
79 85
80 85
81 85
82 85
83 85
84 85
85 85
85 86
85 87
85 88
85 89
85 90
84 90
83 90
82 90
81 90
80 90
79 90
78 90
78 89
78 88
78 87
78 86
78 85
78 84
79 84
80 84
80 83
80 82
80 81
80 80
80 79
80 78
80 77
80 76
80 75
80 74
80 73
80 72
80 71
80 70
81 70
82 70
83 70
84 70
85 70
86 70
87 70
88 70
89 70
90 70
91 70
92 70
93 70
94 70
94 71
94 72
93 72
92 72
91 72
90 72
89 72
88 72
87 72
86 72
85 72
84 72
83 72
82 72
81 72
80 72
79 72
79 73
79 74
79 75
79 76
79 77
80 77
80 78
80 79
80 80
80 81
80 82
80 83
80 84
80 85
80 86
80 87
80 88
80 89
80 90
80 91
80 92
80 93
80 94
80 95
80 96
80 97
80 98
80 99
49 130
48 130
47 130
46 130
45 130
44 130
43 130
42 130
41 130
40 130
39 130
38 130
37 130
36 130
35 130
34 130
33 130
33 129
33 128
33 127
33 126
34 126
35 126
36 126
37 126
38 126
39 126
40 126
41 126
42 126
42 127
41 127
40 127
39 127
38 127
37 127
36 127
35 127
34 127
33 127
32 127
31 127
30 127
29 127
29 126
29 125
30 125
30 126
30 127
30 128
30 129
30 130
30 131
30 132
30 133
30 134
29 134
28 134
27 134
26 134
25 134
24 134
23 134
22 134
21 134
20 134
19 134
18 134
17 134
16 134
15 134
14 134
14 135
14 136
14 137
14 138
14 139
15 139
16 139
17 139
18 139
19 139
20 139
21 139
21 138
21 137
21 136
21 135
21 134
21 133
21 132
21 131
21 130
21 129
21 128
21 127
21 126
22 126
23 126
24 126
25 126
26 126
27 126
28 126
29 126
30 126
30 125
30 124
30 123
29 123
29 122
29 121
29 120
29 119
28 119
28 118
28 117
28 116
28 115
28 114
28 113
28 112
28 111
28 110
28 109
28 108
28 107
28 106
28 105
28 104
28 103
28 102
28 101
28 100
28 99
28 98
28 97
28 96
28 95
27 95
26 95
25 95
25 94
24 94
24 93
24 92
24 91
23 91
22 91
22 92
22 93
22 94
22 95
21 95
20 95
19 95
18 95
17 95
16 95
16 94
16 93
16 92
16 91
16 90
16 89
16 88
16 87
16 86
16 85
16 84
16 83
16 82
16 81
16 80
16 79
16 78
15 78
14 78
14 77
14 76
14 75
14 74
14 73
14 72
14 71
14 70
14 69
14 68
14 67
14 66
15 66
16 66
17 66
18 66
19 66
20 66
21 66
22 66
22 67
22 68
22 69
22 70
22 71
21 71
20 71
19 71
18 71
18 72
18 73
18 74
18 75
18 76
18 77
18 78
18 79
19 79
20 79
21 79
22 79
23 79
24 79
25 79
26 79
27 79
28 79
29 79
30 79
31 79
32 79
33 79
34 79
35 79
36 79
37 79
38 79
39 79
40 79
41 79
42 79
43 79
44 79
45 79
46 79
47 79
48 79
49 79
50 79
50 78
50 77
50 76
50 75
51 75
52 75
53 75
54 75
55 75
56 75
57 75
58 75
58 76
58 77
58 78
58 79
58 80
58 81
58 82
58 83
58 84
58 85
58 86
58 87
58 88
58 89
58 90
59 90
60 90
61 90
62 90
63 90
64 90
65 90
66 90
67 90
68 90
69 90
70 90
71 90
72 90
73 90
74 90
75 90
76 90
76 89
76 88
76 87
76 86
76 85
75 85
74 85
74 84
74 83
74 82
74 81
74 80
74 79
75 79
76 79
77 79
78 79
79 79
80 79
81 79
82 79
82 80
82 81
83 81
84 81
85 81
86 81
87 81
87 82
88 82
89 82
90 82
91 82
92 82
93 82
94 82
95 82
96 82
97 82
98 82
99 82
100 82
101 82
102 82
103 82
104 82
105 82
106 82
107 82
108 82
108 83
108 84
108 85
108 86
108 87
108 88
108 89
107 89
106 89
105 89
104 89
103 89
102 89
101 89
100 89
99 89
98 89
97 89
97 88
98 88
99 88
100 88
101 88
102 88
103 88
104 88
104 87
104 86
104 85
104 84
104 83
104 82
104 81
104 80
104 81
103 81
102 81
101 81
100 81
99 81
98 81
97 81
96 81
95 81
94 81
93 81
92 81
91 81
90 81
89 81
89 82
89 83
89 84
89 85
89 86
89 87
89 88
89 89
89 90
89 91
89 92
89 93
89 94
89 95
90 95
91 95
92 95
93 95
93 94
93 93
93 92
93 91
93 90
93 89
93 88
93 87
93 86
93 85
93 84
93 83
93 82
93 81
93 80
94 80
95 80
96 80
97 80
98 80
99 80
100 80
101 80
102 80
103 80
104 80
104 81
104 82
104 83
104 84
104 85
104 86
104 87
104 88
104 89
104 90
104 91
104 92
104 93
104 94
104 95
104 96
104 97
104 98
104 99
45 149
45 148
45 147
45 146
44 146
43 146
42 146
41 146
40 146
39 146
38 146
37 146
36 146
35 146
34 146
33 146
32 146
32 145
32 144
32 143
32 142
32 141
32 140
32 139
32 138
32 137
32 136
32 135
33 135
34 135
35 135
36 135
37 135
38 135
39 135
40 135
41 135
41 136
41 137
40 137
39 137
38 137
37 137
36 137
35 137
34 137
33 137
32 137
31 137
30 137
29 137
28 137
28 138
28 139
28 140
28 141
29 141
30 141
31 141
32 141
33 141
34 141
35 141
36 141
37 141
38 141
39 141
40 141
41 141
42 141
43 141
44 141
44 140
44 139
44 140
44 141
44 142
44 143
44 144
44 145
44 146
44 147
44 148
43 148
42 148
41 148
40 148
39 148
39 149
40 149
41 149
42 149
43 149
43 148
43 147
43 146
43 145
43 144
44 144
45 144
46 144
47 144
48 144
49 144
49 143
48 143
47 143
46 143
45 143
44 143
44 144
44 145
44 146
44 147
44 148
43 148
42 148
41 148
40 148
39 148
39 147
39 146
39 145
39 144
38 144
37 144
36 144
35 144
34 144
33 144
32 144
31 144
30 144
29 144
28 144
27 144
26 144
25 144
24 144
23 144
22 144
21 144
20 144
20 145
20 146
20 147
20 148
20 149
19 149
19 148
18 148
17 148
16 148
15 148
14 148
13 148
12 148
11 148
10 148
9 148
8 148
8 147
8 146
8 145
8 144
8 143
8 142
8 141
8 140
8 139
8 138
8 137
8 136
8 135
8 134
8 133
9 133
10 133
11 133
12 133
13 133
12 133
11 133
10 133
9 133
8 133
7 133
6 133
5 133
4 133
3 133
2 133
1 133
0 133
199 33
198 33
197 33
196 33
195 33
195 34
194 34
193 34
193 35
193 36
193 37
193 38
193 39
193 40
193 41
193 42
193 43
194 43
195 43
196 43
197 43
198 43
199 43
0 143
1 143
2 143
3 143
3 144
3 145
3 146
3 147
3 148
3 149
146 99
146 98
146 97
146 96
146 95
146 94
146 93
147 93
148 93
149 93
193 49
193 48
193 47
193 46
193 45
194 45
195 45
196 45
197 45
198 45
199 45
0 145
1 145
2 145
3 145
4 145
5 145
6 145
7 145
8 145
9 145
10 145
11 145
12 145
13 145
14 145
15 145
16 145
17 145
18 145
19 145
20 145
20 144
20 143
20 142
20 141
20 140
20 139
20 138
20 137
20 136
20 135
20 134
20 133
20 132
20 131
20 130
21 130
22 130
23 130
23 131
23 132
23 133
23 134
23 135
23 136
23 137
22 137
21 137
20 137
19 137
18 137
18 138
18 139
18 140
18 141
18 142
18 143
19 143
20 143
21 143
22 143
23 143
24 143
25 143
26 143
27 143
28 143
29 143
30 143
31 143
32 143
33 143
34 143
35 143
36 143
37 143
38 143
39 143
40 143
41 143
41 142
41 141
41 140
41 139
40 139
39 139
39 138
39 137
39 136
39 135
39 134
39 133
39 132
39 131
39 130
39 129
39 128
39 127
39 126
39 125
39 124
39 123
39 122
40 122
41 122
42 122
43 122
44 122
45 122
46 122
47 122
48 122
48 123
48 124
48 125
48 126
48 127
48 128
48 129
48 130
48 131
47 131
46 131
45 131
44 131
43 131
42 131
41 131
40 131
39 131
38 131
38 130
37 130
36 130
35 130
34 130
33 130
33 131
33 132
34 132
35 132
36 132
37 132
37 133
37 134
37 135
37 136
37 137
37 138
37 139
37 140
37 141
37 142
37 143
37 144
37 145
37 146
37 147
37 148
37 149
112 99
37 149
37 148
37 147
37 146
37 145
37 144
37 143
37 142
37 141
37 140
37 139
37 138
37 137
37 136
37 135
37 134
37 133
37 132
36 132
35 132
34 132
33 132
32 132
31 132
30 132
30 133
30 134
31 134
32 134
33 134
34 134
34 133
34 132
34 131
34 130
34 129
34 128
34 127
34 126
34 125
35 125
35 126
35 127
35 128
36 128
37 128
38 128
39 128
40 128
41 128
41 127
41 126
42 126
42 125
42 124
42 123
42 122
42 121
42 120
42 119
42 118
42 117
42 116
42 115
42 114
42 113
42 112
42 111
41 111
40 111
39 111
38 111
38 112
38 113
39 113
40 113
41 113
42 113
43 113
44 113
45 113
46 113
46 114
46 115
46 116
46 117
46 118
46 119
46 120
46 121
45 121
44 121
43 121
42 121
41 121
40 121
40 122
40 123
40 124
40 125
40 126
40 127
40 128
40 129
40 130
40 131
40 132
40 133
41 133
42 133
43 133
44 133
45 133
46 133
47 133
48 133
49 133
49 132
49 131
49 130
49 129
49 128
49 127
77 99
77 98
77 97
76 97
76 98
76 99
77 99
78 99
78 98
78 97
78 96
78 95
78 94
78 93
78 92
78 91
78 90
78 89
78 88
78 87
78 86
78 85
78 84
79 84
80 84
80 83
80 82
80 81
80 80
80 79
80 78
80 77
80 76
80 75
80 74
80 73
80 72
80 71
80 70
79 70
78 70
77 70
76 70
75 70
74 70
73 70
72 70
71 70
70 70
69 70
68 70
67 70
66 70
65 70
65 71
65 72
65 73
65 74
65 75
65 76
65 77
66 77
67 77
68 77
69 77
70 77
71 77
72 77
73 77
74 77
75 77
76 77
77 77
78 77
79 77
80 77
80 76
80 75
80 74
80 73
80 72
80 71
80 70
81 70
82 70
83 70
84 70
85 70
86 70
87 70
88 70
89 70
90 70
89 70
88 70
87 70
86 70
85 70
84 70
83 70
82 70
81 70
80 70
79 70
78 70
77 70
76 70
75 70
74 70
73 70
72 70
71 70
70 70
69 70
68 70
67 70
66 70
65 70
65 71
65 72
65 73
65 74
65 75
65 76
65 77
65 76
65 75
65 74
65 73
65 72
65 71
65 70
65 69
65 68
65 67
65 66
65 65
65 64
65 63
65 62
65 61
65 60
65 59
65 58
65 57
66 57
67 57
68 57
69 57
70 57
71 57
71 58
71 59
71 60
71 61
72 61
73 61
73 60
74 60
75 60
76 60
77 60
77 59
77 58
77 57
77 56
77 55
77 54
77 53
77 52
77 51
77 50
100 27
101 27
102 27
103 27
103 26
103 25
103 24
103 23
103 22
103 21
103 20
103 19
103 18
103 17
103 16
103 15
103 14
103 13
103 12
103 11
103 10
103 9
103 8
103 7
103 6
103 5
103 4
103 3
103 2
103 1
103 0
46 50
46 51
47 51
48 51
49 51
50 51
50 52
50 53
50 54
50 55
50 56
50 57
50 58
50 59
50 60
50 61
50 62
49 62
48 62
47 62
46 62
45 62
44 62
43 62
42 62
42 63
42 64
42 65
42 66
42 67
42 68
42 69
42 70
42 71
42 72
42 73
42 74
42 75
43 75
44 75
45 75
45 76
45 77
45 78
45 79
45 80
45 81
45 82
45 83
45 84
45 85
45 86
46 86
47 86
48 86
49 86
50 86
51 86
52 86
53 86
54 86
55 86
56 86
57 86
58 86
59 86
60 86
61 86
62 86
63 86
64 86
65 86
66 86
67 86
68 86
69 86
70 86
71 86
72 86
73 86
74 86
75 86
76 86
76 87
76 88
76 89
76 90
76 91
76 92
76 93
76 94
76 95
76 96
76 97
76 98
76 99
75 99
74 99
73 99
72 99
71 99
70 99
69 99
68 99
68 98
68 97
68 96
68 95
68 94
68 93
68 92
68 91
68 90
68 89
68 88
68 87
68 86
68 85
68 84
68 83
68 82
68 81
68 80
68 79
68 78
68 77
68 76
68 75
68 74
69 74
70 74
70 75
70 76
70 77
70 78
70 79
70 80
70 81
70 82
70 83
70 84
70 85
70 86
71 86
72 86
73 86
74 86
75 86
76 86
76 87
76 88
76 89
76 90
76 91
76 92
76 93
76 94
76 95
76 96
76 97
76 98
76 99
77 99
78 99
78 98
78 97
78 96
78 95
78 94
78 93
78 92
78 91
78 90
78 89
78 88
78 87
78 86
78 85
78 84
79 84
80 84
80 85
80 86
80 87
80 88
80 89
80 90
80 91
80 92
80 93
80 94
80 95
80 96
80 97
80 98
80 99
49 130
48 130
47 130
46 130
45 130
44 130
43 130
42 130
41 130
40 130
39 130
38 130
37 130
36 130
35 130
34 130
33 130
33 131
33 132
32 132
31 132
30 132
29 132
28 132
27 132
26 132
25 132
24 132
23 132
22 132
21 132
20 132
20 131
20 130
20 129
20 128
20 127
19 127
18 127
17 127
16 127
15 127
14 127
13 127
12 127
11 127
10 127
9 127
8 127
7 127
6 127
5 127
4 127
3 127
2 127
1 127
1 126
1 125
1 124
1 123
1 122
1 121
1 120
1 119
1 118
1 117
1 116
1 115
1 114
1 113
1 112
1 111
1 110
1 109
1 108
0 108
199 8
198 8
197 8
196 8
195 8
194 8
193 8
192 8
191 8
190 8
189 8
188 8
188 9
188 10
188 11
188 12
188 13
188 14
188 15
188 16
188 17
188 18
188 19
188 20
188 21
188 22
188 23
188 24
188 25
188 26
188 27
187 27
186 27
185 27
184 27
183 27
182 27
181 27
180 27
179 27
178 27
177 27
176 27
175 27
174 27
173 27
172 27
171 27
170 27
169 27
168 27
167 27
166 27
165 27
164 27
163 27
162 27
161 27
161 26
161 25
162 25
163 25
164 25
165 25
166 25
167 25
168 25
168 24
168 23
168 22
168 21
168 20
168 19
168 18
168 17
168 16
168 15
168 14
167 14
166 14
165 14
164 14
163 14
162 14
161 14
160 14
159 14
158 14
157 14
156 14
155 14
154 14
153 14
152 14
151 14
150 14
149 14
148 14
147 14
146 14
145 14
144 14
143 14
142 14
141 14
140 14
140 15
140 16
140 17
140 18
141 18
142 18
143 18
144 18
145 18
146 18
147 18
148 18
148 19
148 20
148 21
148 22
148 23
148 24
148 25
148 26
148 27
148 28
148 29
148 30
148 31
148 32
148 33
148 34
148 35
148 36
148 37
148 38
148 39
149 39
149 40
150 40
151 40
152 40
153 40
154 40
155 40
156 40
157 40
157 39
157 38
157 37
157 36
157 35
157 34
158 34
159 34
160 34
161 34
162 34
163 34
164 34
165 34
166 34
167 34
168 34
169 34
170 34
171 34
171 33
172 33
173 33
174 33
175 33
176 33
177 33
178 33
179 33
180 33
181 33
182 33
183 33
184 33
185 33
186 33
186 34
186 35
186 36
186 37
186 38
186 39
187 39
188 39
189 39
190 39
191 39
192 39
193 39
194 39
195 39
196 39
197 39
197 38
197 37
197 36
197 35
197 34
197 33
196 33
195 33
195 34
195 33
195 32
195 31
195 30
195 29
195 28
196 28
197 28
198 28
199 28
0 128
1 128
2 128
3 128
4 128
5 128
6 128
7 128
8 128
9 128
9 129
10 129
11 129
11 128
11 127
11 126
11 125
11 124
11 123
11 122
11 121
11 120
11 121
11 122
11 123
11 124
11 125
11 126
11 127
11 128
11 129
11 130
11 131
11 132
11 133
11 134
11 135
11 136
12 136
13 136
14 136
15 136
15 137
15 138
15 139
15 140
15 141
15 142
15 143
15 144
15 145
15 146
15 147
15 148
15 149
134 99
134 98
134 97
134 96
133 96
132 96
133 96
134 96
134 97
134 98
134 99
15 149
15 148
15 147
15 146
15 145
15 144
15 143
15 142
15 141
15 140
15 139
15 138
15 137
15 136
15 135
15 134
15 133
15 132
15 131
15 130
15 129
15 128
15 127
15 126
15 125
15 124
15 123
15 122
15 121
15 120
16 120
17 120
18 120
19 120
20 120
21 120
22 120
23 120
23 121
24 121
25 121
26 121
27 121
28 121
29 121
30 121
30 120
30 119
30 118
30 117
30 116
30 115
30 114
30 113
30 112
30 111
30 110
30 109
30 108
30 107
30 108
30 109
30 110
30 111
30 112
30 113
30 114
30 115
30 116
30 117
30 118
30 119
30 120
30 121
30 120
30 119
30 118
30 117
30 116
30 115
30 114
30 113
30 112
30 111
30 110
30 109
30 108
30 107
30 106
30 105
30 104
30 103
30 102
30 101
30 100
30 99
30 98
30 97
30 96
30 95
30 94
30 93
30 92
30 91
30 90
29 90
28 90
27 90
26 90
25 90
25 91
25 92
26 92
27 92
28 92
29 92
30 92
31 92
32 92
33 92
34 92
35 92
36 92
37 92
38 92
37 92
36 92
35 92
34 92
33 92
32 92
31 92
30 92
29 92
28 92
27 92
26 92
25 92
24 92
23 92
22 92
21 92
20 92
20 93
20 94
20 95
20 96
20 97
20 98
20 99
20 100
20 101
20 102
20 103
21 103
22 103
23 103
24 103
25 103
26 103
27 103
28 103
29 103
30 103
31 103
32 103
33 103
34 103
35 103
35 102
36 102
37 102
38 102
39 102
40 102
41 102
42 102
42 103
42 104
42 105
42 106
42 107
42 108
42 109
43 109
44 109
45 109
46 109
47 109
48 109
49 109
59 99
59 98
59 97
59 96
59 95
59 94
59 93
58 93
57 93
56 93
55 93
54 93
53 93
52 93
51 93
50 93
49 93
48 93
47 93
46 93
45 93
44 93
43 93
42 93
41 93
40 93
39 93
39 94
39 95
39 96
39 97
39 98
39 99
39 100
39 101
39 102
39 103
39 104
39 105
39 106
39 107
40 107
41 107
42 107
42 108
42 109
43 109
44 109
45 109
46 109
47 109
48 109
49 109
59 99
59 98
59 97
59 96
59 95
59 94
59 93
60 93
61 93
62 93
63 93
64 93
65 93
66 93
67 93
68 93
69 93
70 93
71 93
72 93
72 92
72 91
72 90
72 89
72 88
72 87
72 86
72 85
72 84
72 83
72 82
72 81
72 80
72 79
72 78
72 77
72 76
72 75
72 74
72 73
72 72
72 71
72 70
72 69
72 68
71 68
70 68
69 68
68 68
67 68
66 68
65 68
64 68
63 68
62 68
61 68
60 68
59 68
59 69
59 70
59 71
59 72
59 73
59 74
59 73
59 72
59 71
59 70
59 69
59 68
59 67
59 66
60 66
61 66
62 66
63 66
64 66
65 66
66 66
67 66
68 66
69 66
70 66
71 66
72 66
73 66
74 66
75 66
76 66
77 66
78 66
79 66
80 66
81 66
82 66
83 66
84 66
85 66
86 66
87 66
87 65
87 64
87 63
87 62
87 61
88 61
89 61
90 61
91 61
92 61
92 62
92 63
92 64
92 65
92 66
92 67
93 67
94 67
95 67
96 67
97 67
98 67
98 66
98 65
98 64
98 63
98 62
98 61
98 60
98 59
98 58
98 57
97 57
97 58
98 58
99 58
100 58
101 58
102 58
103 58
104 58
105 58
106 58
107 58
106 58
105 58
104 58
103 58
102 58
101 58
100 58
99 58
98 58
97 58
96 58
95 58
94 58
94 57
94 56
94 55
94 54
94 53
94 52
94 51
94 50
100 44
101 44
101 45
101 46
101 47
101 48
101 49
101 50
100 50
99 50
98 50
97 50
96 50
95 50
94 50
94 51
94 52
94 53
94 54
94 55
94 56
95 56
96 56
97 56
97 57
97 58
96 58
95 58
94 58
94 57
94 56
94 55
94 54
94 53
94 52
94 51
95 51
96 51
97 51
98 51
99 51
100 51
100 52
100 53
100 54
100 55
100 56
100 57
100 58
100 59
100 60
100 61
100 62
100 63
100 64
100 65
100 66
100 67
100 68
100 69
100 70
100 71
100 72
100 73
100 74
100 75
100 76
100 77
101 77
102 77
103 77
104 77
105 77
106 77
107 77
108 77
109 77
110 77
110 78
110 79
110 80
110 81
110 82
110 83
110 84
110 85
110 86
111 86
112 86
113 86
113 87
113 88
113 89
113 90
113 91
113 92
113 93
113 94
113 95
113 96
113 97
113 98
114 98
115 98
116 98
116 99
33 149
33 148
33 147
33 146
33 145
33 144
33 143
34 143
35 143
36 143
37 143
38 143
39 143
40 143
41 143
42 143
42 144
42 145
41 145
40 145
39 145
38 145
37 145
36 145
35 145
35 144
35 143
35 142
35 141
35 140
35 139
35 138
35 137
35 136
35 135
36 135
37 135
38 135
39 135
40 135
41 135
41 136
41 137
40 137
39 137
38 137
37 137
36 137
35 137
34 137
33 137
32 137
31 137
30 137
29 137
28 137
27 137
26 137
25 137
24 137
23 137
22 137
21 137
20 137
19 137
18 137
17 137
16 137
15 137
14 137
13 137
12 137
11 137
10 137
10 138
10 139
10 140
10 141
10 142
10 143
11 143
12 143
13 143
14 143
15 143
16 143
17 143
18 143
19 143
20 143
21 143
22 143
23 143
24 143
25 143
26 143
27 143
28 143
28 142
28 141
28 140
28 139
28 138
28 137
28 136
28 135
28 134
28 133
28 132
28 131
28 130
28 129
28 128
29 128
30 128
31 128
32 128
33 128
34 128
35 128
36 128
37 128
38 128
39 128
40 128
41 128
41 127
41 126
40 126
39 126
38 126
37 126
36 126
35 126
34 126
33 126
32 126
32 125
32 124
32 123
32 122
32 121
32 120
31 120
30 120
29 120
28 120
28 121
27 121
26 121
25 121
24 121
23 121
22 121
21 121
20 121
19 121
19 122
19 123
19 124
19 125
19 126
19 127
19 128
19 129
19 130
19 131
19 132
19 133
19 134
20 134
21 134
22 134
23 134
24 134
25 134
26 134
27 134
28 134
29 134
30 134
31 134
32 134
33 134
34 134
34 135
34 136
34 137
34 138
34 139
34 140
34 141
34 142
34 143
34 144
35 144
36 144
37 144
38 144
39 144
40 144
41 144
42 144
43 144
44 144
45 144
46 144
47 144
48 144
49 144
94 99
94 98
94 97
93 97
92 97
91 97
90 97
89 97
88 97
88 96
88 95
88 94
88 93
88 92
88 91
88 90
88 89
89 89
90 89
91 89
92 89
93 89
94 89
95 89
95 90
95 91
95 92
95 93
95 94
95 95
95 96
95 97
95 98
95 99
96 99
97 99
98 99
99 99
100 99
101 99
102 99
103 99
104 99
105 99
106 99
107 99
108 99
109 99
109 98
110 98
111 98
111 97
111 96
111 95
111 94
112 94
113 94
114 94
115 94
116 94
117 94
117 95
117 96
117 97
117 96
117 95
117 94
116 94
115 94
114 94
113 94
112 94
111 94
110 94
109 94
108 94
107 94
106 94
105 94
104 94
104 95
104 96
104 97
104 98
104 99
45 149
45 148
45 147
45 146
44 146
43 146
42 146
41 146
40 146
39 146
38 146
37 146
36 146
35 146
34 146
33 146
32 146
32 147
31 147
32 147
33 147
34 147
35 147
36 147
36 146
36 145
36 144
36 143
36 142
36 141
36 140
36 139
36 138
36 137
36 136
36 135
36 134
37 134
37 135
37 136
37 137
37 138
37 139
37 140
37 141
37 142
37 143
37 144
37 145
37 146
37 147
37 148
37 149
112 99
111 99
111 98
111 97
111 96
111 95
111 94
112 94
113 94
114 94
115 94
116 94
117 94
116 94
115 94
115 95
115 96
115 97
115 98
115 99
34 149
34 148
34 147
34 146
33 146
32 146
32 147
31 147
30 147
29 147
28 147
27 147
26 147
25 147
25 146
25 145
25 144
25 143
25 142
25 141
24 141
23 141
22 141
22 142
22 143
22 144
22 145
22 146
22 147
22 148
22 149
127 99
127 98
127 97
127 96
127 95
127 94
127 93
127 92
127 91
127 90
127 89
127 88
126 88
125 88
124 88
123 88
122 88
121 88
121 89
121 90
121 91
121 92
121 93
121 94
121 95
121 96
121 97
121 98
121 99
28 149
28 148
28 147
29 147
30 147
31 147
32 147
33 147
34 147
35 147
36 147
37 147
38 147
39 147
40 147
41 147
42 147
43 147
44 147
45 147
46 147
46 148
46 149
103 99
103 98
103 97
103 96
103 95
104 95
105 95
106 95
107 95
108 95
109 95
109 94
109 93
109 92
109 91
109 90
109 89
109 88
109 87
109 88
109 89
109 90
109 91
109 92
109 93
109 94
109 95
109 96
108 96
107 96
106 96
105 96
104 96
103 96
102 96
102 97
102 98
102 99
47 149
47 148
48 148
49 148
98 99
98 98
98 97
98 96
98 95
98 94
98 93
98 92
98 91
98 90
98 89
98 88
98 87
98 86
98 85
98 84
98 83
98 82
98 81
98 80
98 79
98 78
98 77
98 76
98 75
97 75
96 75
95 75
94 75
93 75
92 75
92 76
92 77
92 78
92 79
92 80
92 81
92 82
91 82
90 82
89 82
88 82
87 82
86 82
85 82
84 82
83 82
83 81
83 80
82 80
81 80
80 80
79 80
79 81
79 82
79 83
79 84
79 85
79 86
79 87
79 88
79 89
79 90
79 91
80 91
81 91
82 91
83 91
84 91
84 92
84 93
84 94
84 95
84 96
83 96
82 96
81 96
80 96
79 96
78 96
78 95
78 94
78 93
78 92
78 91
78 90
78 89
78 88
78 87
78 86
78 85
78 84
77 84
77 83
77 82
77 81
77 80
77 79
77 78
77 77
77 76
77 75
77 74
77 73
76 73
75 73
75 74
75 75
75 76
75 77
75 78
75 79
75 80
75 81
75 82
75 83
75 84
75 85
75 86
75 87
75 88
75 89
75 90
74 90
73 90
72 90
71 90
70 90
69 90
68 90
67 90
66 90
65 90
64 90
63 90
62 90
61 90
60 90
59 90
58 90
57 90
56 90
55 90
55 89
56 89
57 89
58 89
59 89
59 90
59 91
59 90
59 89
59 88
59 87
59 86
58 86
57 86
56 86
55 86
54 86
53 86
53 87
53 88
53 89
53 90
53 91
53 92
53 93
54 93
55 93
56 93
57 93
58 93
59 93
60 93
61 93
62 93
63 93
64 93
65 93
66 93
67 93
68 93
69 93
70 93
71 93
72 93
72 94
72 95
72 96
72 97
72 98
71 98
70 98
70 99
49 120
49 121
71 99
71 98
71 97
71 96
71 95
71 94
71 93
72 93
72 94
72 95
72 96
72 97
72 98
72 99
73 99
74 99
75 99
76 99
77 99
78 99
78 98
78 97
78 96
78 95
78 94
78 93
77 93
76 93
75 93
74 93
74 94
74 95
74 96
74 95
74 94
74 93
74 92
73 92
72 92
72 91
72 90
72 89
72 88
72 87
72 86
72 85
72 84
72 83
72 82
72 81
72 80
72 79
72 78
72 77
72 76
72 75
72 74
72 73
72 72
72 71
72 70
72 69
72 68
71 68
70 68
69 68
68 68
67 68
66 68
65 68
64 68
63 68
62 68
61 68
60 68
59 68
58 68
57 68
56 68
55 68
54 68
54 69
54 70
54 71
54 72
54 73
54 74
54 75
54 76
54 77
54 78
54 79
54 80
54 81
54 82
54 83
55 83
56 83
57 83
58 83
58 82
58 81
58 80
58 79
58 78
58 77
58 76
58 75
58 76
58 77
58 78
58 79
58 80
58 81
58 82
58 83
58 84
58 85
58 86
58 87
57 87
56 87
55 87
54 87
53 87
52 87
51 87
50 87
49 87
48 87
47 87
46 87
46 88
46 89
46 90
46 91
46 92
46 93
46 94
46 95
46 96
46 97
46 98
46 99
46 100
46 101
46 102
46 103
46 104
46 105
46 106
46 107
46 108
45 108
45 109
45 110
46 110
47 110
48 110
49 110
60 99
60 98
60 97
60 96
60 95
60 94
60 93
60 92
60 93
60 94
60 95
60 96
60 97
60 98
60 99
49 110
48 110
47 110
46 110
45 110
44 110
43 110
43 111
42 111
41 111
40 111
39 111
38 111
38 110
38 109
38 108
38 107
38 106
37 106
37 105
37 104
37 103
37 102
37 101
37 100
37 99
37 98
37 97
37 96
37 95
37 94
38 94
39 94
40 94
40 95
40 96
40 97
40 98
40 99
40 100
40 101
40 102
40 103
40 104
39 104
38 104
37 104
36 104
35 104
35 103
35 102
34 102
33 102
32 102
31 102
30 102
29 102
28 102
27 102
26 102
26 101
26 100
26 99
26 98
26 97
26 96
27 96
28 96
29 96
30 96
31 96
31 95
32 95
33 95
34 95
35 95
36 95
37 95
38 95
39 95
40 95
41 95
42 95
43 95
44 95
45 95
46 95
47 95
48 95
48 96
48 97
49 97
50 97
51 97
51 98
51 99
49 101
48 101
47 101
46 101
45 101
44 101
43 101
42 101
41 101
40 101
39 101
39 100
39 99
39 98
39 97
39 96
39 95
39 94
39 93
39 94
39 95
39 96
39 97
39 98
39 99
39 100
39 101
39 102
39 103
39 104
39 105
39 106
39 107
40 107
41 107
42 107
42 108
42 109
43 109
44 109
45 109
46 109
47 109
48 109
49 109
59 99
59 98
59 97
59 96
59 95
59 94
59 93
58 93
57 93
56 93
55 93
54 93
53 93
52 93
51 93
50 93
49 93
48 93
47 93
46 93
45 93
44 93
43 93
42 93
41 93
40 93
40 94
40 95
40 96
40 97
40 98
40 99
40 100
40 101
40 102
40 103
40 104
39 104
38 104
37 104
36 104
35 104
35 103
35 102
36 102
37 102
38 102
39 102
40 102
41 102
42 102
42 101
42 100
42 99
42 98
42 97
42 96
42 95
42 94
42 93
42 92
42 91
42 90
41 90
40 90
39 90
38 90
37 90
36 90
35 90
34 90
33 90
32 90
32 89
32 88
32 87
32 86
32 85
32 84
32 83
32 82
32 81
32 80
32 79
32 78
32 77
32 76
32 75
32 74
32 73
32 72
33 72
34 72
35 72
35 71
35 70
35 69
35 68
35 67
35 66
35 65
35 64
35 63
35 62
35 61
35 60
35 59
35 58
35 57
35 56
35 55
35 54
35 53
35 52
36 52
37 52
38 52
39 52
40 52
41 52
42 52
43 52
43 51
43 50
106 0
105 0
104 0
103 0
46 50
46 51
46 50
103 0
103 1
103 2
103 3
103 4
103 5
103 6
103 7
103 8
103 9
103 10
103 11
103 12
103 13
103 14
103 15
103 16
103 17
103 18
103 19
102 19
101 19
100 19
100 20
100 21
100 22
100 23
100 24
100 25
100 26
100 27
100 28
100 29
100 30
100 31
100 32
100 33
100 34
100 35
101 35
102 35
103 35
104 35
105 35
106 35
107 35
108 35
109 35
110 35
111 35
112 35
113 35
114 35
115 35
115 36
115 37
115 38
115 39
115 40
115 41
115 42
115 43
115 44
115 45
115 46
115 47
115 48
115 49
115 50
114 50
113 50
112 50
111 50
110 50
109 50
109 49
110 49
111 49
112 49
113 49
114 49
115 49
116 49
117 49
118 49
119 49
120 49
121 49
122 49
123 49
124 49
125 49
126 49
127 49
128 49
128 50
128 51
128 52
128 53
128 54
128 55
127 55
127 56
127 57
127 58
127 59
127 60
127 61
127 62
127 63
127 64
127 65
127 66
127 67
127 68
127 69
127 70
127 71
127 72
127 73
128 73
129 73
130 73
131 73
132 73
133 73
134 73
135 73
136 73
137 73
138 73
139 73
140 73
141 73
142 73
143 73
144 73
145 73
145 72
145 71
145 70
145 69
145 68
145 67
145 66
145 65
145 64
145 63
145 62
145 61
145 60
145 59
145 58
145 57
145 56
145 55
145 54
145 53
145 52
145 51
144 51
143 51
142 51
141 51
140 51
139 51
138 51
137 51
136 51
135 51
134 51
133 51
132 51
131 51
131 50
131 49
131 48
131 47
131 46
131 45
131 44
131 43
131 42
131 41
131 40
131 39
131 38
131 37
131 36
131 35
132 35
133 35
134 35
135 35
135 36
135 37
135 38
135 39
135 40
135 41
135 42
135 43
135 44
135 45
135 46
135 47
135 48
135 49
135 50
135 51
135 52
135 53
136 53
137 53
138 53
139 53
139 52
139 51
140 51
141 51
142 51
143 51
144 51
145 51
146 51
147 51
147 50
148 50
148 49
148 48
148 47
149 47
150 47
151 47
152 47
153 47
154 47
155 47
156 47
157 47
158 47
159 47
160 47
161 47
162 47
163 47
164 47
165 47
166 47
167 47
168 47
169 47
170 47
171 47
172 47
173 47
174 47
175 47
175 46
175 45
175 44
175 43
175 42
175 41
175 40
175 39
175 38
175 37
175 36
175 35
175 34
175 33
175 32
175 31
175 30
175 29
175 28
175 27
175 26
176 26
177 26
178 26
179 26
180 26
180 25
180 24
180 23
180 22
180 21
180 20
180 19
180 18
180 17
179 17
179 16
179 15
179 14
179 13
179 12
180 12
181 12
182 12
183 12
184 12
185 12
186 12
187 12
188 12
189 12
190 12
191 12
192 12
193 12
194 12
195 12
196 12
197 12
198 12
199 12
199 11
199 10
199 9
199 8
0 108
1 108
2 108
2 109
2 110
2 111
2 112
2 113
2 114
2 115
2 116
2 117
2 118
2 119
2 120
2 121
1 121
0 121
199 21
198 21
197 21
196 21
195 21
195 20
196 20
196 21
196 22
196 23
196 24
196 25
196 26
196 27
196 28
196 29
196 30
195 30
194 30
193 30
192 30
192 31
192 32
192 33
191 33
190 33
189 33
188 33
187 33
186 33
185 33
184 33
183 33
182 33
181 33
180 33
179 33
178 33
177 33
176 33
175 33
174 33
173 33
172 33
171 33
170 33
169 33
168 33
167 33
166 33
167 33
168 33
169 33
170 33
171 33
172 33
172 34
172 35
172 36
172 37
172 38
172 39
171 39
170 39
169 39
168 39
167 39
166 39
165 39
164 39
163 39
162 39
162 38
162 37
163 37
164 37
165 37
166 37
167 37
168 37
169 37
170 37
171 37
172 37
173 37
174 37
175 37
176 37
177 37
178 37
179 37
180 37
181 37
182 37
183 37
184 37
185 37
186 37
187 37
188 37
189 37
190 37
191 37
192 37
193 37
193 38
193 39
193 40
193 41
193 42
193 43
194 43
195 43
196 43
197 43
198 43
199 43
0 143
1 143
2 143
3 143
